id,label
0,6
1,2
2,6
3,4
4,4
5,1
6,3
7,6
8,7
9,9
10,1
11,4
12,3
13,4
14,7
15,6
16,8
17,1
18,4
19,0
20,7
21,4
22,2
23,2
24,5
25,1
26,6
27,7
28,0
29,8
30,3
31,6
32,1
33,9
34,9
35,9
36,9
37,9
38,6
39,5
40,3
41,4
42,0
43,0
44,5
45,8
46,7
47,5
48,3
49,1
50,5
51,4
52,4
53,6
54,7
55,1
56,7
57,4
58,4
59,4
60,7
61,9
62,5
63,9
64,8
65,6
66,7
67,5
68,5
69,9
70,5
71,9
72,4
73,8
74,7
75,4
76,4
77,1
78,0
79,3
80,3
81,4
82,3
83,8
84,2
85,1
86,7
87,5
88,4
89,8
90,2
91,4
92,9
93,2
94,6
95,4
96,3
97,7
98,3
99,1
100,8
101,5
102,6
103,2
104,3
105,7
106,7
107,8
108,3
109,1
110,2
111,9
112,0
113,3
114,0
115,5
116,9
117,8
118,1
119,7
120,1
121,7
122,0
123,9
124,4
125,8
126,0
127,9
128,4
129,9
130,3
131,9
132,8
133,1
134,2
135,1
136,0
137,0
138,2
139,3
140,1
141,9
142,7
143,0
144,6
145,6
146,1
147,7
148,6
149,3
150,8
151,9
152,5
153,9
154,2
155,8
156,9
157,1
158,9
159,3
160,3
161,4
162,5
163,5
164,4
165,9
166,0
167,3
168,1
169,2
170,0
171,1
172,2
173,1
174,1
175,5
176,7
177,1
178,8
179,7
180,0
181,8
182,9
183,8
184,3
185,8
186,7
187,5
188,0
189,4
190,4
191,4
192,4
193,6
194,4
195,2
196,5
197,8
198,6
199,6
200,0
201,9
202,6
203,1
204,1
205,7
206,7
207,5
208,6
209,3
210,2
211,3
212,4
213,9
214,5
215,3
216,1
217,5
218,7
219,8
220,9
221,5
222,8
223,7
224,0
225,2
226,3
227,8
228,4
229,4
230,0
231,4
232,8
233,0
234,3
235,9
236,5
237,5
238,0
239,3
240,9
241,9
242,2
243,0
244,9
245,2
246,3
247,5
248,4
249,7
250,8
251,2
252,2
253,5
254,6
255,9
256,1
257,1
258,9
259,5
260,9
261,1
262,1
263,2
264,0
265,5
266,4
267,8
268,9
269,8
270,5
271,3
272,4
273,5
274,1
275,5
276,3
277,4
278,8
279,4
280,3
281,3
282,1
283,4
284,2
285,2
286,0
287,8
288,8
289,0
290,5
291,8
292,7
293,7
294,4
295,2
296,6
297,0
298,6
299,0
300,6
301,4
302,5
303,1
304,8
305,0
306,7
307,4
308,3
309,6
310,6
311,2
312,4
313,9
314,7
315,3
316,5
317,8
318,7
319,6
320,8
321,6
322,4
323,0
324,4
325,7
326,8
327,2
328,3
329,7
330,2
331,8
332,1
333,1
334,2
335,5
336,2
337,9
338,3
339,7
340,7
341,1
342,3
343,8
344,1
345,9
346,5
347,3
348,2
349,7
350,0
351,7
352,2
353,8
354,9
355,3
356,7
357,8
358,6
359,0
360,5
361,5
362,2
363,4
364,4
365,8
366,6
367,4
368,3
369,4
370,7
371,1
372,5
373,2
374,3
375,5
376,5
377,2
378,2
379,7
380,2
381,9
382,5
383,5
384,0
385,5
386,0
387,8
388,9
389,3
390,9
391,1
392,2
393,3
394,5
395,4
396,9
397,1
398,0
399,5
400,1
401,0
402,4
403,9
404,1
405,3
406,9
407,4
408,6
409,7
410,6
411,8
412,3
413,0
414,9
415,8
416,9
417,7
418,2
419,3
420,2
421,4
422,8
423,0
424,1
425,8
426,4
427,2
428,6
429,0
430,9
431,3
432,3
433,6
434,2
435,9
436,0
437,0
438,8
439,7
440,1
441,3
442,7
443,7
444,6
445,4
446,5
447,1
448,4
449,3
450,3
451,5
452,9
453,6
454,3
455,2
456,8
457,5
458,1
459,1
460,7
461,7
462,9
463,2
464,9
465,2
466,1
467,9
468,9
469,5
470,8
471,8
472,8
473,8
474,5
475,5
476,4
477,4
478,8
479,5
480,9
481,8
482,3
483,3
484,4
485,7
486,3
487,2
488,3
489,5
490,1
491,2
492,1
493,7
494,6
495,4
496,5
497,0
498,2
499,5
500,3
501,7
502,4
503,6
504,9
505,6
506,0
507,2
508,2
509,0
510,2
511,2
512,0
513,7
514,7
515,5
516,2
517,3
518,0
519,4
520,3
521,9
522,7
523,2
524,5
525,6
526,8
527,9
528,9
529,6
530,5
531,4
532,2
533,0
534,1
535,6
536,0
537,9
538,9
539,6
540,1
541,4
542,1
543,3
544,1
545,0
546,1
547,7
548,4
549,0
550,1
551,8
552,8
553,6
554,7
555,0
556,7
557,6
558,1
559,1
560,7
561,4
562,5
563,3
564,5
565,7
566,6
567,1
568,8
569,9
570,4
571,6
572,2
573,4
574,5
575,5
576,0
577,4
578,6
579,5
580,2
581,0
582,8
583,1
584,8
585,7
586,4
587,0
588,7
589,2
590,5
591,8
592,3
593,0
594,0
595,1
596,2
597,6
598,3
599,4
600,3
601,9
602,9
603,0
604,4
605,5
606,7
607,3
608,3
609,6
610,8
611,4
612,2
613,0
614,3
615,2
616,9
617,3
618,9
619,8
620,0
621,5
622,7
623,8
624,5
625,4
626,1
627,0
628,2
629,5
630,0
631,6
632,2
633,8
634,9
635,1
636,1
637,2
638,8
639,4
640,0
641,3
642,6
643,5
644,8
645,7
646,0
647,1
648,8
649,6
650,0
651,3
652,4
653,4
654,0
655,0
656,4
657,3
658,3
659,1
660,6
661,9
662,9
663,4
664,4
665,8
666,5
667,1
668,7
669,1
670,9
671,7
672,0
673,2
674,9
675,0
676,2
677,8
678,7
679,5
680,7
681,8
682,8
683,2
684,6
685,7
686,2
687,6
688,7
689,7
690,3
691,4
692,3
693,0
694,2
695,0
696,5
697,9
698,0
699,2
700,2
701,8
702,2
703,0
704,8
705,7
706,3
707,4
708,8
709,2
710,0
711,9
712,4
713,4
714,2
715,3
716,2
717,5
718,1
719,4
720,2
721,0
722,6
723,8
724,9
725,8
726,7
727,9
728,9
729,9
730,2
731,8
732,4
733,1
734,0
735,5
736,4
737,0
738,2
739,3
740,3
741,7
742,3
743,2
744,3
745,3
746,0
747,5
748,8
749,9
750,4
751,0
752,1
753,4
754,2
755,7
756,8
757,8
758,8
759,8
760,9
761,3
762,1
763,2
764,4
765,5
766,9
767,5
768,8
769,6
770,0
771,9
772,6
773,2
774,3
775,3
776,5
777,5
778,4
779,8
780,0
781,9
782,1
783,1
784,3
785,5
786,3
787,6
788,4
789,7
790,8
791,6
792,1
793,2
794,7
795,5
796,7
797,3
798,8
799,8
800,2
801,1
802,5
803,0
804,6
805,6
806,8
807,7
808,1
809,5
810,3
811,8
812,7
813,0
814,4
815,9
816,1
817,4
818,2
819,1
820,1
821,8
822,7
823,2
824,0
825,3
826,2
827,2
828,4
829,0
830,8
831,2
832,5
833,4
834,5
835,7
836,5
837,5
838,0
839,4
840,8
841,5
842,6
843,7
844,0
845,1
846,2
847,5
848,9
849,6
850,7
851,6
852,0
853,3
854,9
855,5
856,0
857,1
858,0
859,2
860,2
861,1
862,4
863,6
864,9
865,4
866,1
867,9
868,3
869,0
870,8
871,7
872,9
873,9
874,1
875,9
876,9
877,8
878,3
879,0
880,1
881,4
882,6
883,2
884,8
885,6
886,1
887,3
888,5
889,1
890,8
891,2
892,8
893,6
894,4
895,2
896,5
897,1
898,7
899,5
900,2
901,5
902,6
903,1
904,5
905,4
906,3
907,5
908,2
909,5
910,7
911,6
912,8
913,2
914,0
915,9
916,4
917,6
918,8
919,7
920,5
921,9
922,7
923,1
924,8
925,4
926,3
927,5
928,3
929,2
930,7
931,9
932,5
933,4
934,4
935,6
936,3
937,4
938,5
939,1
940,6
941,6
942,1
943,9
944,7
945,4
946,6
947,8
948,4
949,6
950,4
951,2
952,6
953,5
954,3
955,9
956,7
957,4
958,4
959,7
960,9
961,1
962,7
963,8
964,9
965,9
966,3
967,2
968,6
969,3
970,4
971,1
972,2
973,0
974,3
975,8
976,9
977,1
978,4
979,7
980,1
981,4
982,6
983,0
984,5
985,8
986,8
987,8
988,7
989,8
990,3
991,6
992,6
993,6
994,0
995,2
996,8
997,7
998,2
999,2
1000,7
1001,1
1002,4
1003,5
1004,5
1005,2
1006,9
1007,6
1008,0
1009,5
1010,0
1011,0
1012,0
1013,4
1014,2
1015,1
1016,0
1017,3
1018,3
1019,1
1020,3
1021,3
1022,1
1023,2
1024,2
1025,0
1026,6
1027,6
1028,2
1029,9
1030,2
1031,7
1032,7
1033,1
1034,1
1035,2
1036,4
1037,1
1038,1
1039,6
1040,8
1041,8
1042,3
1043,6
1044,8
1045,6
1046,1
1047,4
1048,4
1049,6
1050,2
1051,3
1052,7
1053,9
1054,7
1055,9
1056,4
1057,4
1058,6
1059,1
1060,9
1061,4
1062,9
1063,7
1064,4
1065,8
1066,2
1067,3
1068,8
1069,7
1070,7
1071,9
1072,2
1073,6
1074,7
1075,2
1076,9
1077,3
1078,7
1079,2
1080,6
1081,0
1082,2
1083,0
1084,5
1085,1
1086,1
1087,0
1088,9
1089,4
1090,2
1091,6
1092,2
1093,5
1094,1
1095,6
1096,4
1097,1
1098,0
1099,4
1100,0
1101,8
1102,9
1103,9
1104,0
1105,1
1106,4
1107,8
1108,6
1109,0
1110,1
1111,1
1112,0
1113,7
1114,3
1115,4
1116,3
1117,5
1118,2
1119,0
1120,0
1121,3
1122,2
1123,2
1124,1
1125,7
1126,2
1127,5
1128,7
1129,6
1130,4
1131,5
1132,0
1133,5
1134,3
1135,2
1136,4
1137,3
1138,9
1139,6
1140,4
1141,2
1142,5
1143,6
1144,5
1145,7
1146,0
1147,1
1148,8
1149,7
1150,4
1151,8
1152,5
1153,6
1154,5
1155,8
1156,2
1157,5
1158,9
1159,4
1160,8
1161,8
1162,6
1163,2
1164,6
1165,3
1166,0
1167,5
1168,8
1169,4
1170,8
1171,8
1172,1
1173,4
1174,8
1175,7
1176,6
1177,1
1178,5
1179,0
1180,4
1181,4
1182,4
1183,1
1184,2
1185,7
1186,3
1187,0
1188,2
1189,7
1190,7
1191,2
1192,8
1193,9
1194,9
1195,5
1196,8
1197,8
1198,3
1199,6
1200,1
1201,9
1202,9
1203,5
1204,9
1205,3
1206,0
1207,3
1208,2
1209,5
1210,7
1211,8
1212,7
1213,4
1214,0
1215,1
1216,0
1217,6
1218,9
1219,0
1220,9
1221,7
1222,8
1223,8
1224,6
1225,7
1226,9
1227,8
1228,6
1229,3
1230,9
1231,3
1232,7
1233,9
1234,8
1235,5
1236,0
1237,4
1238,6
1239,9
1240,8
1241,7
1242,8
1243,8
1244,7
1245,1
1246,0
1247,6
1248,8
1249,4
1250,0
1251,0
1252,2
1253,2
1254,1
1255,5
1256,7
1257,2
1258,8
1259,2
1260,0
1261,0
1262,4
1263,1
1264,6
1265,3
1266,1
1267,8
1268,1
1269,5
1270,1
1271,3
1272,8
1273,0
1274,2
1275,2
1276,2
1277,5
1278,1
1279,6
1280,9
1281,6
1282,7
1283,3
1284,1
1285,2
1286,4
1287,8
1288,2
1289,9
1290,7
1291,6
1292,0
1293,2
1294,0
1295,4
1296,2
1297,3
1298,2
1299,4
1300,9
1301,4
1302,7
1303,2
1304,8
1305,4
1306,2
1307,5
1308,4
1309,1
1310,3
1311,4
1312,9
1313,8
1314,4
1315,6
1316,4
1317,0
1318,1
1319,7
1320,7
1321,8
1322,0
1323,2
1324,3
1325,4
1326,6
1327,3
1328,6
1329,0
1330,7
1331,4
1332,3
1333,8
1334,8
1335,3
1336,0
1337,0
1338,8
1339,1
1340,8
1341,5
1342,2
1343,9
1344,8
1345,4
1346,8
1347,3
1348,2
1349,0
1350,5
1351,0
1352,9
1353,2
1354,1
1355,7
1356,9
1357,7
1358,6
1359,4
1360,5
1361,3
1362,7
1363,4
1364,4
1365,3
1366,4
1367,0
1368,6
1369,9
1370,8
1371,8
1372,1
1373,3
1374,0
1375,0
1376,3
1377,1
1378,9
1379,5
1380,2
1381,1
1382,2
1383,0
1384,1
1385,1
1386,3
1387,7
1388,4
1389,5
1390,9
1391,1
1392,3
1393,4
1394,1
1395,5
1396,4
1397,7
1398,2
1399,2
1400,4
1401,0
1402,7
1403,4
1404,0
1405,6
1406,0
1407,1
1408,4
1409,2
1410,4
1411,2
1412,2
1413,9
1414,0
1415,8
1416,7
1417,2
1418,6
1419,8
1420,9
1421,3
1422,4
1423,4
1424,9
1425,2
1426,6
1427,4
1428,3
1429,4
1430,3
1431,5
1432,8
1433,5
1434,6
1435,8
1436,7
1437,9
1438,8
1439,9
1440,7
1441,6
1442,1
1443,4
1444,1
1445,5
1446,0
1447,7
1448,7
1449,5
1450,7
1451,7
1452,4
1453,2
1454,9
1455,7
1456,3
1457,3
1458,2
1459,9
1460,0
1461,2
1462,9
1463,4
1464,7
1465,0
1466,9
1467,1
1468,5
1469,7
1470,7
1471,0
1472,1
1473,3
1474,5
1475,8
1476,3
1477,0
1478,5
1479,4
1480,1
1481,7
1482,8
1483,1
1484,7
1485,1
1486,4
1487,7
1488,8
1489,3
1490,9
1491,0
1492,7
1493,5
1494,3
1495,3
1496,2
1497,2
1498,3
1499,4
1500,4
1501,7
1502,5
1503,9
1504,4
1505,9
1506,5
1507,9
1508,9
1509,7
1510,6
1511,7
1512,6
1513,3
1514,2
1515,8
1516,9
1517,3
1518,3
1519,9
1520,6
1521,2
1522,5
1523,5
1524,1
1525,0
1526,5
1527,3
1528,8
1529,0
1530,6
1531,3
1532,8
1533,6
1534,3
1535,5
1536,3
1537,8
1538,5
1539,4
1540,1
1541,0
1542,8
1543,3
1544,7
1545,0
1546,1
1547,2
1548,6
1549,5
1550,3
1551,1
1552,9
1553,9
1554,0
1555,6
1556,4
1557,9
1558,4
1559,6
1560,9
1561,0
1562,3
1563,5
1564,3
1565,8
1566,7
1567,3
1568,1
1569,2
1570,5
1571,3
1572,5
1573,2
1574,4
1575,0
1576,8
1577,0
1578,9
1579,0
1580,2
1581,3
1582,3
1583,9
1584,2
1585,9
1586,1
1587,7
1588,6
1589,7
1590,9
1591,7
1592,5
1593,4
1594,3
1595,1
1596,9
1597,1
1598,6
1599,2
1600,6
1601,0
1602,1
1603,7
1604,6
1605,4
1606,4
1607,6
1608,0
1609,6
1610,0
1611,4
1612,8
1613,9
1614,3
1615,0
1616,4
1617,5
1618,1
1619,8
1620,4
1621,0
1622,5
1623,5
1624,2
1625,2
1626,5
1627,1
1628,7
1629,6
1630,5
1631,8
1632,0
1633,6
1634,6
1635,3
1636,6
1637,5
1638,4
1639,7
1640,3
1641,7
1642,4
1643,5
1644,7
1645,6
1646,9
1647,7
1648,6
1649,5
1650,0
1651,9
1652,6
1653,1
1654,6
1655,5
1656,2
1657,2
1658,1
1659,6
1660,1
1661,7
1662,1
1663,1
1664,4
1665,8
1666,8
1667,3
1668,7
1669,1
1670,0
1671,6
1672,1
1673,8
1674,2
1675,0
1676,1
1677,0
1678,3
1679,8
1680,2
1681,8
1682,1
1683,8
1684,5
1685,2
1686,9
1687,5
1688,3
1689,7
1690,1
1691,8
1692,6
1693,9
1694,7
1695,0
1696,4
1697,5
1698,9
1699,6
1700,3
1701,4
1702,7
1703,8
1704,7
1705,6
1706,7
1707,4
1708,4
1709,9
1710,6
1711,4
1712,9
1713,2
1714,1
1715,5
1716,9
1717,0
1718,4
1719,5
1720,2
1721,1
1722,8
1723,1
1724,8
1725,3
1726,7
1727,4
1728,7
1729,8
1730,0
1731,4
1732,8
1733,5
1734,2
1735,5
1736,2
1737,3
1738,5
1739,2
1740,5
1741,1
1742,9
1743,5
1744,2
1745,5
1746,4
1747,9
1748,2
1749,5
1750,0
1751,6
1752,4
1753,1
1754,0
1755,9
1756,0
1757,5
1758,3
1759,0
1760,4
1761,7
1762,9
1763,0
1764,2
1765,5
1766,0
1767,6
1768,1
1769,6
1770,1
1771,8
1772,8
1773,4
1774,4
1775,0
1776,0
1777,5
1778,6
1779,5
1780,5
1781,9
1782,0
1783,5
1784,1
1785,6
1786,3
1787,7
1788,1
1789,4
1790,7
1791,8
1792,4
1793,4
1794,5
1795,6
1796,8
1797,3
1798,1
1799,1
1800,9
1801,0
1802,7
1803,6
1804,3
1805,7
1806,8
1807,8
1808,8
1809,8
1810,9
1811,0
1812,5
1813,2
1814,8
1815,7
1816,5
1817,3
1818,0
1819,3
1820,6
1821,3
1822,3
1823,6
1824,3
1825,4
1826,9
1827,1
1828,7
1829,3
1830,7
1831,2
1832,5
1833,2
1834,6
1835,9
1836,8
1837,9
1838,2
1839,7
1840,1
1841,7
1842,2
1843,3
1844,9
1845,1
1846,3
1847,2
1848,3
1849,5
1850,4
1851,9
1852,9
1853,4
1854,6
1855,0
1856,9
1857,0
1858,8
1859,2
1860,7
1861,6
1862,2
1863,8
1864,2
1865,7
1866,0
1867,8
1868,2
1869,9
1870,5
1871,6
1872,7
1873,7
1874,8
1875,9
1876,6
1877,6
1878,1
1879,8
1880,4
1881,6
1882,7
1883,8
1884,2
1885,7
1886,9
1887,0
1888,5
1889,0
1890,0
1891,7
1892,7
1893,0
1894,9
1895,2
1896,2
1897,0
1898,8
1899,8
1900,6
1901,2
1902,6
1903,0
1904,6
1905,4
1906,6
1907,5
1908,9
1909,5
1910,4
1911,1
1912,4
1913,2
1914,2
1915,9
1916,2
1917,4
1918,9
1919,3
1920,1
1921,9
1922,9
1923,8
1924,7
1925,6
1926,8
1927,0
1928,1
1929,2
1930,6
1931,3
1932,9
1933,8
1934,3
1935,5
1936,8
1937,6
1938,8
1939,3
1940,0
1941,0
1942,9
1943,5
1944,1
1945,9
1946,6
1947,0
1948,2
1949,7
1950,2
1951,3
1952,6
1953,9
1954,6
1955,2
1956,0
1957,1
1958,7
1959,5
1960,9
1961,4
1962,8
1963,0
1964,0
1965,7
1966,2
1967,8
1968,0
1969,6
1970,2
1971,9
1972,6
1973,0
1974,7
1975,9
1976,0
1977,0
1978,3
1979,9
1980,7
1981,5
1982,9
1983,8
1984,3
1985,8
1986,7
1987,7
1988,6
1989,4
1990,9
1991,7
1992,3
1993,6
1994,6
1995,1
1996,7
1997,3
1998,6
1999,9
2000,7
2001,4
2002,6
2003,4
2004,4
2005,9
2006,3
2007,0
2008,2
2009,6
2010,8
2011,3
2012,7
2013,3
2014,8
2015,1
2016,4
2017,6
2018,4
2019,4
2020,6
2021,7
2022,4
2023,5
2024,1
2025,2
2026,9
2027,4
2028,5
2029,4
2030,4
2031,3
2032,6
2033,5
2034,8
2035,0
2036,4
2037,0
2038,2
2039,4
2040,8
2041,9
2042,5
2043,4
2044,9
2045,4
2046,1
2047,9
2048,6
2049,1
2050,8
2051,5
2052,1
2053,9
2054,3
2055,9
2056,8
2057,0
2058,3
2059,7
2060,9
2061,3
2062,4
2063,5
2064,8
2065,1
2066,9
2067,0
2068,0
2069,0
2070,8
2071,1
2072,1
2073,7
2074,1
2075,7
2076,6
2077,3
2078,5
2079,1
2080,9
2081,0
2082,8
2083,2
2084,7
2085,7
2086,8
2087,6
2088,7
2089,2
2090,5
2091,8
2092,8
2093,2
2094,8
2095,0
2096,6
2097,7
2098,7
2099,2
2100,6
2101,1
2102,1
2103,0
2104,2
2105,7
2106,3
2107,4
2108,2
2109,5
2110,0
2111,1
2112,3
2113,9
2114,6
2115,4
2116,9
2117,7
2118,4
2119,6
2120,1
2121,6
2122,3
2123,9
2124,3
2125,8
2126,8
2127,3
2128,5
2129,4
2130,9
2131,6
2132,5
2133,2
2134,4
2135,1
2136,5
2137,8
2138,5
2139,4
2140,9
2141,6
2142,0
2143,5
2144,2
2145,0
2146,0
2147,7
2148,1
2149,9
2150,5
2151,6
2152,1
2153,9
2154,9
2155,3
2156,9
2157,3
2158,3
2159,8
2160,3
2161,9
2162,1
2163,7
2164,0
2165,8
2166,4
2167,4
2168,7
2169,2
2170,8
2171,8
2172,4
2173,8
2174,8
2175,3
2176,7
2177,7
2178,8
2179,0
2180,9
2181,8
2182,0
2183,8
2184,5
2185,0
2186,1
2187,2
2188,7
2189,4
2190,3
2191,1
2192,5
2193,5
2194,1
2195,2
2196,8
2197,2
2198,2
2199,2
2200,5
2201,3
2202,9
2203,6
2204,0
2205,4
2206,2
2207,4
2208,8
2209,0
2210,6
2211,8
2212,9
2213,8
2214,9
2215,8
2216,4
2217,0
2218,3
2219,9
2220,3
2221,9
2222,3
2223,4
2224,2
2225,8
2226,7
2227,2
2228,2
2229,3
2230,7
2231,8
2232,6
2233,9
2234,3
2235,6
2236,6
2237,5
2238,3
2239,7
2240,7
2241,6
2242,1
2243,5
2244,3
2245,2
2246,2
2247,6
2248,1
2249,1
2250,3
2251,3
2252,6
2253,9
2254,1
2255,2
2256,9
2257,8
2258,3
2259,5
2260,3
2261,7
2262,5
2263,4
2264,5
2265,2
2266,5
2267,8
2268,3
2269,5
2270,8
2271,2
2272,8
2273,5
2274,4
2275,2
2276,4
2277,1
2278,7
2279,0
2280,2
2281,9
2282,4
2283,3
2284,7
2285,7
2286,4
2287,7
2288,1
2289,6
2290,1
2291,1
2292,7
2293,1
2294,6
2295,1
2296,9
2297,0
2298,6
2299,1
2300,7
2301,1
2302,8
2303,1
2304,1
2305,8
2306,4
2307,0
2308,1
2309,2
2310,2
2311,7
2312,9
2313,0
2314,0
2315,7
2316,7
2317,9
2318,3
2319,3
2320,2
2321,2
2322,2
2323,8
2324,2
2325,6
2326,3
2327,7
2328,7
2329,8
2330,1
2331,1
2332,0
2333,8
2334,8
2335,6
2336,7
2337,7
2338,4
2339,4
2340,9
2341,3
2342,0
2343,5
2344,6
2345,7
2346,3
2347,9
2348,4
2349,5
2350,5
2351,1
2352,7
2353,6
2354,4
2355,3
2356,3
2357,9
2358,1
2359,1
2360,2
2361,6
2362,3
2363,9
2364,8
2365,9
2366,5
2367,8
2368,8
2369,8
2370,4
2371,4
2372,7
2373,3
2374,0
2375,1
2376,7
2377,7
2378,7
2379,5
2380,2
2381,4
2382,5
2383,2
2384,5
2385,3
2386,8
2387,1
2388,3
2389,5
2390,4
2391,0
2392,7
2393,2
2394,2
2395,6
2396,2
2397,0
2398,7
2399,2
2400,5
2401,7
2402,6
2403,1
2404,5
2405,8
2406,3
2407,7
2408,1
2409,4
2410,2
2411,0
2412,5
2413,0
2414,2
2415,2
2416,8
2417,9
2418,9
2419,0
2420,7
2421,7
2422,7
2423,9
2424,6
2425,1
2426,1
2427,1
2428,8
2429,6
2430,8
2431,2
2432,0
2433,3
2434,3
2435,0
2436,8
2437,6
2438,4
2439,7
2440,5
2441,8
2442,7
2443,0
2444,2
2445,1
2446,2
2447,2
2448,4
2449,2
2450,4
2451,4
2452,3
2453,9
2454,2
2455,4
2456,8
2457,2
2458,1
2459,4
2460,9
2461,0
2462,3
2463,2
2464,5
2465,3
2466,8
2467,2
2468,1
2469,7
2470,7
2471,0
2472,2
2473,6
2474,1
2475,1
2476,2
2477,3
2478,9
2479,5
2480,3
2481,0
2482,1
2483,0
2484,5
2485,9
2486,1
2487,4
2488,0
2489,9
2490,4
2491,9
2492,5
2493,8
2494,2
2495,6
2496,2
2497,8
2498,6
2499,1
2500,2
2501,0
2502,6
2503,2
2504,7
2505,8
2506,3
2507,7
2508,1
2509,5
2510,1
2511,8
2512,1
2513,2
2514,8
2515,8
2516,3
2517,3
2518,5
2519,5
2520,4
2521,7
2522,9
2523,8
2524,2
2525,3
2526,3
2527,2
2528,5
2529,6
2530,0
2531,1
2532,6
2533,4
2534,7
2535,7
2536,9
2537,7
2538,1
2539,7
2540,9
2541,9
2542,4
2543,5
2544,1
2545,6
2546,9
2547,5
2548,1
2549,0
2550,9
2551,7
2552,7
2553,1
2554,5
2555,2
2556,1
2557,0
2558,5
2559,2
2560,7
2561,2
2562,9
2563,5
2564,0
2565,6
2566,4
2567,5
2568,1
2569,2
2570,3
2571,8
2572,1
2573,6
2574,6
2575,0
2576,0
2577,8
2578,1
2579,9
2580,5
2581,7
2582,2
2583,3
2584,9
2585,5
2586,2
2587,1
2588,2
2589,9
2590,5
2591,4
2592,0
2593,7
2594,1
2595,3
2596,5
2597,1
2598,3
2599,7
2600,1
2601,9
2602,8
2603,4
2604,8
2605,3
2606,0
2607,6
2608,1
2609,3
2610,7
2611,7
2612,8
2613,4
2614,6
2615,0
2616,3
2617,9
2618,1
2619,3
2620,9
2621,3
2622,4
2623,4
2624,9
2625,6
2626,1
2627,8
2628,8
2629,1
2630,6
2631,6
2632,5
2633,5
2634,8
2635,1
2636,4
2637,2
2638,1
2639,3
2640,8
2641,0
2642,5
2643,4
2644,4
2645,8
2646,4
2647,7
2648,1
2649,4
2650,0
2651,3
2652,1
2653,9
2654,5
2655,9
2656,8
2657,7
2658,6
2659,0
2660,8
2661,0
2662,7
2663,8
2664,0
2665,7
2666,9
2667,6
2668,1
2669,8
2670,8
2671,9
2672,0
2673,4
2674,9
2675,0
2676,8
2677,6
2678,6
2679,2
2680,0
2681,4
2682,4
2683,0
2684,4
2685,6
2686,5
2687,2
2688,0
2689,4
2690,2
2691,8
2692,7
2693,4
2694,4
2695,3
2696,5
2697,2
2698,3
2699,2
2700,4
2701,5
2702,7
2703,5
2704,4
2705,2
2706,6
2707,7
2708,8
2709,9
2710,3
2711,5
2712,0
2713,3
2714,4
2715,5
2716,8
2717,5
2718,2
2719,6
2720,1
2721,9
2722,8
2723,4
2724,2
2725,2
2726,2
2727,8
2728,6
2729,4
2730,3
2731,6
2732,5
2733,6
2734,6
2735,8
2736,6
2737,7
2738,3
2739,1
2740,8
2741,5
2742,8
2743,5
2744,7
2745,1
2746,9
2747,4
2748,4
2749,9
2750,8
2751,4
2752,1
2753,8
2754,9
2755,9
2756,6
2757,3
2758,7
2759,8
2760,8
2761,2
2762,7
2763,2
2764,1
2765,5
2766,8
2767,4
2768,9
2769,6
2770,3
2771,3
2772,6
2773,0
2774,6
2775,4
2776,2
2777,6
2778,2
2779,2
2780,4
2781,9
2782,2
2783,0
2784,7
2785,4
2786,0
2787,6
2788,3
2789,5
2790,9
2791,0
2792,1
2793,6
2794,7
2795,9
2796,7
2797,3
2798,6
2799,7
2800,1
2801,3
2802,7
2803,0
2804,5
2805,2
2806,0
2807,7
2808,1
2809,8
2810,9
2811,3
2812,3
2813,5
2814,1
2815,3
2816,4
2817,3
2818,9
2819,9
2820,0
2821,1
2822,4
2823,5
2824,5
2825,0
2826,5
2827,1
2828,1
2829,7
2830,5
2831,8
2832,1
2833,3
2834,6
2835,1
2836,6
2837,8
2838,6
2839,8
2840,6
2841,9
2842,6
2843,7
2844,1
2845,0
2846,5
2847,4
2848,0
2849,7
2850,0
2851,0
2852,3
2853,9
2854,2
2855,4
2856,4
2857,0
2858,9
2859,0
2860,2
2861,1
2862,3
2863,6
2864,1
2865,3
2866,6
2867,5
2868,0
2869,1
2870,6
2871,8
2872,1
2873,7
2874,8
2875,0
2876,5
2877,0
2878,8
2879,7
2880,4
2881,9
2882,2
2883,5
2884,7
2885,2
2886,6
2887,5
2888,6
2889,6
2890,5
2891,0
2892,1
2893,3
2894,7
2895,3
2896,5
2897,5
2898,3
2899,5
2900,1
2901,8
2902,2
2903,1
2904,1
2905,8
2906,1
2907,9
2908,6
2909,9
2910,5
2911,8
2912,0
2913,9
2914,2
2915,4
2916,7
2917,1
2918,2
2919,5
2920,3
2921,6
2922,6
2923,9
2924,3
2925,4
2926,1
2927,1
2928,3
2929,7
2930,6
2931,2
2932,7
2933,9
2934,9
2935,1
2936,2
2937,3
2938,0
2939,8
2940,5
2941,1
2942,1
2943,0
2944,3
2945,9
2946,9
2947,2
2948,8
2949,4
2950,3
2951,2
2952,6
2953,3
2954,9
2955,0
2956,0
2957,9
2958,0
2959,2
2960,6
2961,6
2962,0
2963,7
2964,7
2965,4
2966,3
2967,7
2968,5
2969,8
2970,5
2971,2
2972,7
2973,0
2974,1
2975,3
2976,4
2977,9
2978,3
2979,4
2980,0
2981,3
2982,0
2983,6
2984,1
2985,3
2986,2
2987,6
2988,2
2989,1
2990,0
2991,7
2992,5
2993,1
2994,5
2995,5
2996,7
2997,9
2998,5
2999,6
3000,9
3001,0
3002,2
3003,6
3004,0
3005,1
3006,9
3007,5
3008,2
3009,8
3010,6
3011,9
3012,0
3013,0
3014,9
3015,4
3016,6
3017,8
3018,8
3019,5
3020,8
3021,2
3022,0
3023,7
3024,6
3025,2
3026,8
3027,2
3028,5
3029,2
3030,0
3031,8
3032,4
3033,8
3034,5
3035,2
3036,5
3037,2
3038,4
3039,2
3040,9
3041,2
3042,4
3043,8
3044,3
3045,2
3046,7
3047,1
3048,0
3049,4
3050,3
3051,1
3052,5
3053,0
3054,8
3055,6
3056,0
3057,9
3058,0
3059,6
3060,7
3061,2
3062,8
3063,9
3064,6
3065,1
3066,9
3067,3
3068,7
3069,4
3070,8
3071,4
3072,0
3073,6
3074,2
3075,2
3076,0
3077,3
3078,9
3079,1
3080,4
3081,2
3082,4
3083,5
3084,6
3085,9
3086,7
3087,5
3088,7
3089,8
3090,4
3091,4
3092,3
3093,2
3094,1
3095,7
3096,5
3097,1
3098,5
3099,0
3100,4
3101,6
3102,7
3103,1
3104,6
3105,5
3106,7
3107,2
3108,5
3109,6
3110,8
3111,8
3112,5
3113,5
3114,3
3115,7
3116,4
3117,4
3118,3
3119,0
3120,1
3121,5
3122,7
3123,8
3124,9
3125,1
3126,4
3127,0
3128,2
3129,6
3130,8
3131,8
3132,7
3133,4
3134,9
3135,2
3136,0
3137,4
3138,7
3139,1
3140,3
3141,7
3142,6
3143,0
3144,2
3145,7
3146,7
3147,5
3148,0
3149,4
3150,8
3151,4
3152,5
3153,9
3154,0
3155,0
3156,5
3157,2
3158,9
3159,1
3160,0
3161,3
3162,7
3163,9
3164,6
3165,7
3166,0
3167,4
3168,0
3169,3
3170,5
3171,5
3172,7
3173,8
3174,0
3175,3
3176,6
3177,7
3178,7
3179,6
3180,1
3181,2
3182,8
3183,9
3184,4
3185,3
3186,9
3187,0
3188,6
3189,8
3190,0
3191,2
3192,4
3193,7
3194,3
3195,4
3196,7
3197,0
3198,6
3199,0
3200,5
3201,0
3202,3
3203,6
3204,9
3205,7
3206,4
3207,2
3208,3
3209,0
3210,9
3211,7
3212,3
3213,3
3214,5
3215,4
3216,6
3217,6
3218,9
3219,5
3220,7
3221,9
3222,9
3223,0
3224,5
3225,5
3226,1
3227,0
3228,8
3229,3
3230,9
3231,0
3232,7
3233,8
3234,0
3235,5
3236,5
3237,7
3238,7
3239,4
3240,1
3241,4
3242,1
3243,7
3244,0
3245,8
3246,0
3247,8
3248,7
3249,5
3250,0
3251,7
3252,3
3253,8
3254,6
3255,5
3256,9
3257,3
3258,7
3259,9
3260,3
3261,0
3262,3
3263,9
3264,3
3265,9
3266,7
3267,8
3268,4
3269,4
3270,9
3271,4
3272,2
3273,7
3274,8
3275,7
3276,0
3277,5
3278,2
3279,8
3280,1
3281,6
3282,1
3283,0
3284,7
3285,4
3286,5
3287,8
3288,6
3289,5
3290,9
3291,7
3292,3
3293,5
3294,6
3295,7
3296,5
3297,6
3298,9
3299,7
3300,4
3301,1
3302,0
3303,4
3304,8
3305,6
3306,0
3307,6
3308,0
3309,5
3310,5
3311,4
3312,7
3313,3
3314,1
3315,3
3316,5
3317,8
3318,1
3319,1
3320,7
3321,6
3322,9
3323,8
3324,8
3325,4
3326,2
3327,5
3328,3
3329,1
3330,4
3331,7
3332,0
3333,2
3334,3
3335,9
3336,3
3337,5
3338,8
3339,7
3340,0
3341,3
3342,2
3343,8
3344,6
3345,8
3346,9
3347,6
3348,1
3349,5
3350,5
3351,2
3352,8
3353,8
3354,2
3355,1
3356,1
3357,3
3358,4
3359,3
3360,0
3361,6
3362,9
3363,7
3364,9
3365,1
3366,7
3367,3
3368,2
3369,9
3370,6
3371,6
3372,9
3373,3
3374,8
3375,9
3376,9
3377,8
3378,7
3379,7
3380,0
3381,8
3382,9
3383,2
3384,8
3385,4
3386,2
3387,2
3388,1
3389,7
3390,9
3391,2
3392,2
3393,7
3394,6
3395,6
3396,7
3397,6
3398,7
3399,9
3400,7
3401,2
3402,8
3403,6
3404,3
3405,6
3406,1
3407,6
3408,6
3409,1
3410,8
3411,4
3412,1
3413,8
3414,3
3415,1
3416,5
3417,0
3418,8
3419,3
3420,9
3421,7
3422,3
3423,5
3424,4
3425,8
3426,8
3427,0
3428,7
3429,2
3430,2
3431,2
3432,2
3433,5
3434,7
3435,5
3436,9
3437,7
3438,2
3439,8
3440,2
3441,8
3442,9
3443,3
3444,7
3445,2
3446,7
3447,2
3448,4
3449,8
3450,5
3451,4
3452,9
3453,7
3454,7
3455,9
3456,2
3457,9
3458,0
3459,3
3460,3
3461,2
3462,8
3463,4
3464,7
3465,6
3466,6
3467,2
3468,4
3469,3
3470,6
3471,4
3472,1
3473,2
3474,5
3475,9
3476,0
3477,1
3478,3
3479,6
3480,0
3481,6
3482,0
3483,0
3484,6
3485,6
3486,6
3487,4
3488,0
3489,1
3490,1
3491,0
3492,8
3493,2
3494,9
3495,4
3496,2
3497,6
3498,9
3499,4
3500,3
3501,3
3502,9
3503,7
3504,3
3505,7
3506,5
3507,8
3508,5
3509,9
3510,0
3511,8
3512,0
3513,1
3514,2
3515,5
3516,3
3517,5
3518,8
3519,1
3520,6
3521,0
3522,5
3523,0
3524,7
3525,0
3526,0
3527,5
3528,5
3529,1
3530,7
3531,9
3532,9
3533,2
3534,2
3535,6
3536,5
3537,2
3538,5
3539,3
3540,1
3541,6
3542,7
3543,9
3544,7
3545,7
3546,4
3547,9
3548,7
3549,1
3550,7
3551,1
3552,6
3553,1
3554,4
3555,2
3556,5
3557,2
3558,4
3559,6
3560,9
3561,6
3562,5
3563,8
3564,7
3565,3
3566,0
3567,1
3568,9
3569,3
3570,8
3571,4
3572,3
3573,5
3574,3
3575,0
3576,6
3577,4
3578,9
3579,5
3580,2
3581,5
3582,6
3583,3
3584,4
3585,5
3586,9
3587,9
3588,2
3589,7
3590,2
3591,9
3592,2
3593,9
3594,5
3595,7
3596,4
3597,9
3598,2
3599,0
3600,2
3601,4
3602,4
3603,9
3604,1
3605,8
3606,3
3607,9
3608,0
3609,2
3610,6
3611,1
3612,4
3613,6
3614,2
3615,7
3616,4
3617,4
3618,8
3619,3
3620,9
3621,9
3622,7
3623,0
3624,8
3625,6
3626,6
3627,9
3628,7
3629,0
3630,5
3631,6
3632,2
3633,7
3634,2
3635,4
3636,9
3637,3
3638,4
3639,8
3640,1
3641,5
3642,3
3643,4
3644,1
3645,2
3646,2
3647,0
3648,9
3649,0
3650,6
3651,4
3652,6
3653,0
3654,8
3655,8
3656,4
3657,6
3658,5
3659,3
3660,8
3661,3
3662,8
3663,6
3664,2
3665,5
3666,2
3667,0
3668,3
3669,8
3670,2
3671,6
3672,8
3673,2
3674,8
3675,9
3676,4
3677,9
3678,4
3679,1
3680,5
3681,7
3682,2
3683,8
3684,8
3685,7
3686,3
3687,7
3688,4
3689,3
3690,7
3691,8
3692,9
3693,9
3694,1
3695,2
3696,1
3697,5
3698,6
3699,6
3700,9
3701,9
3702,6
3703,1
3704,7
3705,0
3706,7
3707,4
3708,0
3709,9
3710,7
3711,5
3712,3
3713,6
3714,7
3715,7
3716,6
3717,6
3718,5
3719,2
3720,9
3721,1
3722,3
3723,6
3724,4
3725,5
3726,1
3727,4
3728,0
3729,1
3730,8
3731,6
3732,6
3733,3
3734,5
3735,7
3736,6
3737,5
3738,0
3739,2
3740,5
3741,0
3742,8
3743,6
3744,2
3745,6
3746,3
3747,9
3748,2
3749,4
3750,1
3751,7
3752,8
3753,2
3754,4
3755,7
3756,9
3757,5
3758,2
3759,4
3760,7
3761,8
3762,8
3763,0
3764,9
3765,9
3766,8
3767,9
3768,6
3769,8
3770,5
3771,4
3772,7
3773,7
3774,9
3775,7
3776,2
3777,3
3778,2
3779,2
3780,4
3781,4
3782,0
3783,0
3784,2
3785,6
3786,3
3787,8
3788,9
3789,7
3790,1
3791,2
3792,5
3793,8
3794,4
3795,3
3796,0
3797,0
3798,3
3799,6
3800,5
3801,0
3802,5
3803,5
3804,3
3805,9
3806,4
3807,3
3808,8
3809,8
3810,7
3811,2
3812,0
3813,3
3814,0
3815,5
3816,4
3817,9
3818,1
3819,7
3820,2
3821,2
3822,6
3823,3
3824,7
3825,2
3826,5
3827,1
3828,0
3829,4
3830,0
3831,8
3832,0
3833,2
3834,8
3835,3
3836,0
3837,1
3838,7
3839,6
3840,8
3841,2
3842,3
3843,3
3844,3
3845,2
3846,8
3847,4
3848,5
3849,7
3850,4
3851,8
3852,9
3853,7
3854,8
3855,3
3856,7
3857,1
3858,3
3859,9
3860,0
3861,1
3862,0
3863,7
3864,2
3865,8
3866,0
3867,9
3868,9
3869,4
3870,0
3871,8
3872,2
3873,4
3874,4
3875,2
3876,1
3877,6
3878,3
3879,6
3880,6
3881,3
3882,4
3883,4
3884,1
3885,9
3886,4
3887,2
3888,8
3889,8
3890,0
3891,2
3892,1
3893,0
3894,8
3895,0
3896,1
3897,7
3898,0
3899,2
3900,4
3901,0
3902,5
3903,6
3904,3
3905,8
3906,1
3907,5
3908,9
3909,7
3910,3
3911,5
3912,3
3913,5
3914,4
3915,3
3916,0
3917,8
3918,3
3919,8
3920,3
3921,5
3922,0
3923,3
3924,6
3925,8
3926,1
3927,2
3928,5
3929,0
3930,4
3931,2
3932,6
3933,1
3934,5
3935,2
3936,1
3937,8
3938,1
3939,4
3940,0
3941,1
3942,8
3943,5
3944,1
3945,9
3946,3
3947,1
3948,6
3949,6
3950,9
3951,5
3952,5
3953,7
3954,7
3955,4
3956,5
3957,6
3958,1
3959,2
3960,2
3961,2
3962,9
3963,2
3964,2
3965,2
3966,1
3967,2
3968,9
3969,5
3970,6
3971,9
3972,2
3973,9
3974,0
3975,0
3976,1
3977,9
3978,7
3979,6
3980,0
3981,2
3982,7
3983,1
3984,7
3985,0
3986,2
3987,1
3988,2
3989,8
3990,4
3991,1
3992,6
3993,1
3994,3
3995,5
3996,4
3997,6
3998,4
3999,7
4000,4
4001,5
4002,8
4003,2
4004,9
4005,9
4006,7
4007,0
4008,3
4009,7
4010,0
4011,0
4012,9
4013,8
4014,8
4015,9
4016,1
4017,1
4018,4
4019,1
4020,9
4021,9
4022,5
4023,8
4024,1
4025,5
4026,2
4027,3
4028,4
4029,9
4030,7
4031,9
4032,8
4033,9
4034,2
4035,8
4036,6
4037,7
4038,9
4039,1
4040,9
4041,0
4042,6
4043,1
4044,0
4045,5
4046,0
4047,1
4048,0
4049,4
4050,7
4051,6
4052,5
4053,2
4054,4
4055,4
4056,9
4057,8
4058,6
4059,3
4060,3
4061,6
4062,0
4063,4
4064,0
4065,2
4066,9
4067,3
4068,8
4069,3
4070,9
4071,1
4072,9
4073,7
4074,4
4075,3
4076,3
4077,7
4078,5
4079,2
4080,7
4081,4
4082,7
4083,7
4084,4
4085,1
4086,9
4087,9
4088,7
4089,8
4090,4
4091,1
4092,4
4093,4
4094,3
4095,1
4096,1
4097,4
4098,8
4099,0
4100,3
4101,4
4102,1
4103,9
4104,0
4105,4
4106,3
4107,2
4108,2
4109,4
4110,4
4111,5
4112,5
4113,6
4114,9
4115,9
4116,2
4117,2
4118,9
4119,5
4120,2
4121,7
4122,2
4123,3
4124,5
4125,7
4126,7
4127,1
4128,4
4129,5
4130,9
4131,2
4132,7
4133,3
4134,9
4135,2
4136,4
4137,1
4138,4
4139,3
4140,7
4141,2
4142,1
4143,2
4144,6
4145,4
4146,3
4147,2
4148,3
4149,4
4150,9
4151,9
4152,8
4153,2
4154,9
4155,8
4156,5
4157,9
4158,3
4159,0
4160,6
4161,4
4162,4
4163,2
4164,8
4165,1
4166,2
4167,4
4168,1
4169,7
4170,1
4171,5
4172,1
4173,8
4174,7
4175,2
4176,8
4177,8
4178,1
4179,2
4180,5
4181,3
4182,9
4183,4
4184,1
4185,0
4186,2
4187,3
4188,0
4189,3
4190,4
4191,0
4192,1
4193,2
4194,0
4195,8
4196,3
4197,4
4198,7
4199,6
4200,3
4201,3
4202,0
4203,1
4204,8
4205,9
4206,0
4207,3
4208,8
4209,3
4210,3
4211,4
4212,2
4213,4
4214,7
4215,7
4216,7
4217,6
4218,4
4219,6
4220,0
4221,5
4222,9
4223,6
4224,3
4225,6
4226,9
4227,9
4228,9
4229,4
4230,2
4231,9
4232,9
4233,1
4234,0
4235,8
4236,7
4237,1
4238,2
4239,0
4240,1
4241,5
4242,5
4243,4
4244,6
4245,9
4246,6
4247,4
4248,8
4249,0
4250,2
4251,1
4252,7
4253,6
4254,8
4255,1
4256,3
4257,6
4258,7
4259,2
4260,4
4261,5
4262,7
4263,1
4264,1
4265,2
4266,8
4267,9
4268,5
4269,7
4270,8
4271,8
4272,1
4273,2
4274,5
4275,8
4276,7
4277,7
4278,4
4279,2
4280,4
4281,6
4282,2
4283,5
4284,2
4285,2
4286,9
4287,4
4288,7
4289,0
4290,2
4291,8
4292,5
4293,5
4294,1
4295,6
4296,0
4297,7
4298,8
4299,8
4300,5
4301,1
4302,4
4303,8
4304,3
4305,6
4306,4
4307,3
4308,6
4309,0
4310,7
4311,8
4312,4
4313,2
4314,5
4315,9
4316,1
4317,8
4318,7
4319,9
4320,0
4321,6
4322,4
4323,7
4324,8
4325,3
4326,3
4327,5
4328,7
4329,5
4330,9
4331,8
4332,0
4333,9
4334,5
4335,7
4336,1
4337,0
4338,9
4339,3
4340,6
4341,0
4342,9
4343,6
4344,2
4345,3
4346,8
4347,9
4348,7
4349,8
4350,9
4351,3
4352,8
4353,1
4354,3
4355,6
4356,9
4357,8
4358,8
4359,9
4360,5
4361,0
4362,3
4363,9
4364,3
4365,7
4366,5
4367,1
4368,0
4369,4
4370,4
4371,6
4372,1
4373,1
4374,7
4375,6
4376,4
4377,5
4378,3
4379,6
4380,6
4381,6
4382,5
4383,7
4384,8
4385,1
4386,9
4387,6
4388,3
4389,9
4390,2
4391,0
4392,0
4393,2
4394,3
4395,3
4396,6
4397,6
4398,9
4399,7
4400,0
4401,2
4402,6
4403,8
4404,9
4405,6
4406,0
4407,3
4408,8
4409,4
4410,5
4411,0
4412,4
4413,5
4414,3
4415,5
4416,8
4417,5
4418,5
4419,8
4420,1
4421,7
4422,6
4423,6
4424,4
4425,3
4426,5
4427,5
4428,8
4429,7
4430,1
4431,5
4432,1
4433,0
4434,3
4435,2
4436,9
4437,2
4438,5
4439,6
4440,6
4441,0
4442,9
4443,5
4444,3
4445,1
4446,8
4447,9
4448,1
4449,8
4450,5
4451,6
4452,6
4453,1
4454,7
4455,9
4456,3
4457,7
4458,2
4459,9
4460,4
4461,8
4462,5
4463,0
4464,4
4465,8
4466,6
4467,4
4468,8
4469,6
4470,4
4471,0
4472,1
4473,1
4474,7
4475,4
4476,5
4477,6
4478,8
4479,1
4480,9
4481,8
4482,2
4483,9
4484,9
4485,9
4486,1
4487,1
4488,0
4489,6
4490,7
4491,6
4492,8
4493,5
4494,7
4495,7
4496,2
4497,5
4498,3
4499,1
4500,8
4501,5
4502,7
4503,9
4504,7
4505,5
4506,4
4507,4
4508,3
4509,1
4510,8
4511,0
4512,2
4513,1
4514,2
4515,1
4516,2
4517,2
4518,8
4519,1
4520,6
4521,1
4522,1
4523,9
4524,2
4525,5
4526,3
4527,5
4528,3
4529,9
4530,5
4531,3
4532,0
4533,7
4534,2
4535,9
4536,3
4537,5
4538,3
4539,9
4540,2
4541,3
4542,1
4543,8
4544,5
4545,5
4546,0
4547,3
4548,0
4549,6
4550,8
4551,7
4552,5
4553,5
4554,0
4555,9
4556,3
4557,2
4558,8
4559,8
4560,0
4561,2
4562,0
4563,1
4564,0
4565,8
4566,8
4567,7
4568,7
4569,6
4570,4
4571,1
4572,6
4573,4
4574,2
4575,1
4576,0
4577,8
4578,2
4579,1
4580,8
4581,1
4582,9
4583,3
4584,6
4585,5
4586,8
4587,2
4588,7
4589,3
4590,3
4591,1
4592,1
4593,3
4594,8
4595,1
4596,1
4597,3
4598,6
4599,6
4600,9
4601,9
4602,6
4603,4
4604,9
4605,2
4606,5
4607,2
4608,9
4609,0
4610,9
4611,0
4612,1
4613,2
4614,2
4615,2
4616,0
4617,3
4618,4
4619,8
4620,6
4621,5
4622,2
4623,8
4624,8
4625,6
4626,8
4627,9
4628,3
4629,1
4630,9
4631,2
4632,7
4633,6
4634,5
4635,7
4636,1
4637,0
4638,6
4639,9
4640,2
4641,6
4642,0
4643,1
4644,0
4645,3
4646,4
4647,9
4648,9
4649,9
4650,9
4651,3
4652,1
4653,1
4654,4
4655,4
4656,6
4657,7
4658,8
4659,5
4660,4
4661,6
4662,7
4663,2
4664,9
4665,3
4666,0
4667,1
4668,6
4669,6
4670,7
4671,8
4672,4
4673,3
4674,8
4675,3
4676,5
4677,0
4678,1
4679,0
4680,0
4681,1
4682,7
4683,6
4684,3
4685,0
4686,9
4687,3
4688,3
4689,2
4690,9
4691,6
4692,6
4693,3
4694,0
4695,5
4696,1
4697,5
4698,1
4699,3
4700,2
4701,1
4702,4
4703,7
4704,2
4705,9
4706,0
4707,5
4708,3
4709,6
4710,3
4711,4
4712,1
4713,2
4714,0
4715,3
4716,6
4717,5
4718,1
4719,9
4720,6
4721,4
4722,2
4723,7
4724,4
4725,8
4726,2
4727,3
4728,6
4729,8
4730,2
4731,9
4732,0
4733,6
4734,1
4735,0
4736,4
4737,1
4738,2
4739,0
4740,2
4741,3
4742,1
4743,5
4744,8
4745,5
4746,0
4747,9
4748,0
4749,2
4750,7
4751,9
4752,0
4753,8
4754,4
4755,1
4756,8
4757,8
4758,4
4759,6
4760,7
4761,9
4762,0
4763,3
4764,3
4765,9
4766,8
4767,4
4768,5
4769,2
4770,3
4771,3
4772,0
4773,7
4774,4
4775,3
4776,0
4777,0
4778,3
4779,0
4780,6
4781,8
4782,4
4783,3
4784,5
4785,7
4786,4
4787,1
4788,1
4789,3
4790,5
4791,0
4792,6
4793,9
4794,0
4795,2
4796,7
4797,4
4798,9
4799,4
4800,0
4801,6
4802,1
4803,8
4804,9
4805,9
4806,4
4807,8
4808,3
4809,7
4810,2
4811,0
4812,6
4813,5
4814,9
4815,8
4816,9
4817,6
4818,8
4819,6
4820,9
4821,0
4822,9
4823,0
4824,6
4825,1
4826,7
4827,5
4828,7
4829,3
4830,7
4831,4
4832,0
4833,2
4834,6
4835,8
4836,0
4837,1
4838,9
4839,6
4840,1
4841,8
4842,8
4843,6
4844,0
4845,8
4846,6
4847,0
4848,2
4849,7
4850,7
4851,9
4852,6
4853,3
4854,7
4855,3
4856,7
4857,8
4858,1
4859,6
4860,9
4861,8
4862,8
4863,6
4864,6
4865,8
4866,6
4867,1
4868,7
4869,7
4870,5
4871,5
4872,9
4873,2
4874,1
4875,8
4876,2
4877,3
4878,6
4879,8
4880,1
4881,3
4882,8
4883,8
4884,8
4885,5
4886,7
4887,4
4888,8
4889,4
4890,4
4891,5
4892,4
4893,8
4894,4
4895,0
4896,3
4897,5
4898,9
4899,8
4900,5
4901,3
4902,3
4903,4
4904,6
4905,0
4906,1
4907,7
4908,2
4909,9
4910,4
4911,4
4912,9
4913,0
4914,6
4915,3
4916,0
4917,9
4918,9
4919,3
4920,9
4921,1
4922,6
4923,7
4924,3
4925,3
4926,5
4927,7
4928,5
4929,7
4930,8
4931,1
4932,4
4933,1
4934,6
4935,8
4936,6
4937,4
4938,1
4939,5
4940,0
4941,8
4942,4
4943,0
4944,3
4945,4
4946,1
4947,0
4948,2
4949,6
4950,8
4951,7
4952,3
4953,7
4954,2
4955,0
4956,0
4957,4
4958,3
4959,4
4960,7
4961,5
4962,5
4963,2
4964,5
4965,3
4966,9
4967,3
4968,4
4969,4
4970,5
4971,0
4972,3
4973,4
4974,7
4975,2
4976,1
4977,8
4978,1
4979,0
4980,1
4981,7
4982,6
4983,8
4984,4
4985,5
4986,8
4987,8
4988,9
4989,9
4990,7
4991,7
4992,2
4993,5
4994,5
4995,7
4996,7
4997,0
4998,8
4999,8
5000,2
5001,0
5002,5
5003,7
5004,4
5005,8
5006,5
5007,3
5008,4
5009,7
5010,5
5011,4
5012,5
5013,9
5014,3
5015,2
5016,2
5017,6
5018,9
5019,6
5020,0
5021,1
5022,9
5023,7
5024,7
5025,0
5026,8
5027,7
5028,9
5029,0
5030,7
5031,5
5032,1
5033,3
5034,2
5035,0
5036,6
5037,1
5038,4
5039,3
5040,5
5041,3
5042,6
5043,9
5044,7
5045,5
5046,7
5047,3
5048,1
5049,0
5050,6
5051,3
5052,0
5053,7
5054,7
5055,4
5056,9
5057,5
5058,0
5059,0
5060,0
5061,4
5062,4
5063,9
5064,2
5065,1
5066,3
5067,5
5068,2
5069,7
5070,4
5071,9
5072,6
5073,1
5074,3
5075,6
5076,9
5077,8
5078,5
5079,1
5080,5
5081,2
5082,0
5083,4
5084,5
5085,5
5086,6
5087,1
5088,7
5089,9
5090,1
5091,1
5092,5
5093,2
5094,2
5095,1
5096,2
5097,0
5098,7
5099,3
5100,8
5101,5
5102,0
5103,9
5104,4
5105,0
5106,1
5107,1
5108,8
5109,3
5110,9
5111,4
5112,9
5113,5
5114,6
5115,0
5116,8
5117,6
5118,4
5119,0
5120,6
5121,2
5122,9
5123,9
5124,3
5125,0
5126,2
5127,3
5128,6
5129,7
5130,7
5131,1
5132,4
5133,4
5134,5
5135,8
5136,2
5137,0
5138,9
5139,7
5140,9
5141,9
5142,0
5143,5
5144,1
5145,9
5146,0
5147,0
5148,6
5149,7
5150,6
5151,4
5152,9
5153,6
5154,2
5155,0
5156,7
5157,2
5158,4
5159,3
5160,3
5161,4
5162,7
5163,8
5164,0
5165,6
5166,4
5167,6
5168,8
5169,4
5170,5
5171,0
5172,8
5173,2
5174,8
5175,2
5176,9
5177,8
5178,2
5179,2
5180,3
5181,6
5182,7
5183,1
5184,4
5185,8
5186,0
5187,9
5188,6
5189,0
5190,5
5191,6
5192,8
5193,8
5194,8
5195,0
5196,3
5197,7
5198,6
5199,8
5200,1
5201,3
5202,0
5203,9
5204,6
5205,7
5206,8
5207,4
5208,7
5209,1
5210,5
5211,1
5212,2
5213,1
5214,7
5215,0
5216,7
5217,4
5218,8
5219,0
5220,3
5221,2
5222,2
5223,9
5224,9
5225,7
5226,0
5227,4
5228,0
5229,6
5230,5
5231,9
5232,0
5233,3
5234,5
5235,1
5236,6
5237,1
5238,7
5239,3
5240,1
5241,9
5242,0
5243,8
5244,1
5245,3
5246,5
5247,0
5248,5
5249,9
5250,1
5251,7
5252,8
5253,3
5254,6
5255,6
5256,4
5257,5
5258,0
5259,2
5260,8
5261,3
5262,9
5263,5
5264,9
5265,4
5266,9
5267,2
5268,2
5269,7
5270,9
5271,8
5272,1
5273,9
5274,8
5275,6
5276,0
5277,8
5278,0
5279,3
5280,2
5281,1
5282,5
5283,8
5284,2
5285,1
5286,1
5287,7
5288,8
5289,7
5290,7
5291,7
5292,7
5293,8
5294,8
5295,1
5296,9
5297,1
5298,6
5299,8
5300,7
5301,8
5302,0
5303,1
5304,3
5305,2
5306,7
5307,4
5308,2
5309,6
5310,0
5311,3
5312,4
5313,5
5314,7
5315,2
5316,1
5317,4
5318,2
5319,6
5320,1
5321,0
5322,2
5323,3
5324,2
5325,2
5326,3
5327,3
5328,2
5329,8
5330,6
5331,8
5332,6
5333,4
5334,3
5335,4
5336,5
5337,9
5338,6
5339,4
5340,4
5341,7
5342,1
5343,9
5344,6
5345,6
5346,3
5347,1
5348,3
5349,9
5350,1
5351,2
5352,1
5353,0
5354,1
5355,5
5356,7
5357,0
5358,9
5359,8
5360,9
5361,0
5362,0
5363,9
5364,6
5365,6
5366,6
5367,4
5368,6
5369,8
5370,3
5371,6
5372,0
5373,3
5374,0
5375,5
5376,4
5377,7
5378,4
5379,9
5380,4
5381,5
5382,5
5383,3
5384,3
5385,4
5386,7
5387,8
5388,2
5389,3
5390,0
5391,0
5392,6
5393,2
5394,0
5395,5
5396,8
5397,3
5398,6
5399,4
5400,7
5401,6
5402,7
5403,8
5404,1
5405,4
5406,4
5407,6
5408,3
5409,8
5410,2
5411,8
5412,2
5413,5
5414,8
5415,1
5416,6
5417,4
5418,8
5419,5
5420,6
5421,7
5422,8
5423,8
5424,7
5425,8
5426,6
5427,0
5428,5
5429,0
5430,2
5431,6
5432,1
5433,8
5434,8
5435,8
5436,1
5437,1
5438,4
5439,1
5440,6
5441,8
5442,1
5443,2
5444,8
5445,6
5446,0
5447,0
5448,0
5449,7
5450,1
5451,5
5452,3
5453,5
5454,9
5455,4
5456,2
5457,1
5458,4
5459,7
5460,3
5461,3
5462,1
5463,3
5464,2
5465,9
5466,6
5467,1
5468,1
5469,0
5470,3
5471,7
5472,0
5473,0
5474,2
5475,6
5476,8
5477,4
5478,0
5479,7
5480,1
5481,5
5482,0
5483,4
5484,2
5485,6
5486,1
5487,3
5488,3
5489,6
5490,5
5491,8
5492,0
5493,8
5494,2
5495,6
5496,5
5497,7
5498,0
5499,1
5500,4
5501,1
5502,8
5503,0
5504,1
5505,6
5506,5
5507,5
5508,6
5509,8
5510,2
5511,7
5512,3
5513,2
5514,4
5515,8
5516,1
5517,5
5518,2
5519,8
5520,0
5521,8
5522,5
5523,8
5524,9
5525,5
5526,4
5527,9
5528,4
5529,8
5530,8
5531,0
5532,1
5533,0
5534,0
5535,6
5536,5
5537,3
5538,0
5539,9
5540,0
5541,6
5542,5
5543,6
5544,1
5545,0
5546,1
5547,0
5548,9
5549,6
5550,4
5551,9
5552,9
5553,5
5554,5
5555,3
5556,3
5557,5
5558,7
5559,3
5560,3
5561,5
5562,2
5563,2
5564,4
5565,8
5566,0
5567,5
5568,7
5569,6
5570,6
5571,6
5572,5
5573,6
5574,9
5575,1
5576,4
5577,6
5578,2
5579,1
5580,0
5581,2
5582,2
5583,2
5584,8
5585,7
5586,5
5587,4
5588,6
5589,8
5590,0
5591,8
5592,0
5593,4
5594,3
5595,5
5596,7
5597,8
5598,8
5599,3
5600,3
5601,8
5602,8
5603,1
5604,5
5605,9
5606,2
5607,6
5608,7
5609,5
5610,4
5611,9
5612,6
5613,4
5614,4
5615,9
5616,1
5617,3
5618,9
5619,3
5620,9
5621,5
5622,9
5623,9
5624,7
5625,1
5626,2
5627,2
5628,2
5629,1
5630,6
5631,3
5632,5
5633,6
5634,5
5635,8
5636,9
5637,1
5638,2
5639,2
5640,3
5641,7
5642,1
5643,1
5644,7
5645,9
5646,8
5647,8
5648,5
5649,6
5650,1
5651,2
5652,1
5653,4
5654,6
5655,4
5656,0
5657,3
5658,3
5659,7
5660,7
5661,3
5662,5
5663,5
5664,6
5665,7
5666,7
5667,2
5668,5
5669,6
5670,7
5671,3
5672,4
5673,4
5674,2
5675,0
5676,3
5677,5
5678,7
5679,8
5680,5
5681,0
5682,8
5683,9
5684,7
5685,9
5686,9
5687,9
5688,3
5689,6
5690,2
5691,9
5692,6
5693,6
5694,5
5695,4
5696,0
5697,3
5698,8
5699,8
5700,4
5701,2
5702,0
5703,2
5704,5
5705,6
5706,8
5707,5
5708,4
5709,9
5710,9
5711,3
5712,8
5713,1
5714,9
5715,8
5716,7
5717,6
5718,8
5719,5
5720,2
5721,5
5722,1
5723,2
5724,8
5725,1
5726,1
5727,6
5728,9
5729,5
5730,1
5731,1
5732,9
5733,5
5734,6
5735,4
5736,0
5737,7
5738,9
5739,2
5740,9
5741,0
5742,9
5743,9
5744,7
5745,9
5746,7
5747,8
5748,0
5749,1
5750,0
5751,1
5752,7
5753,5
5754,4
5755,4
5756,1
5757,7
5758,0
5759,3
5760,7
5761,8
5762,7
5763,7
5764,0
5765,5
5766,8
5767,4
5768,6
5769,7
5770,5
5771,1
5772,3
5773,5
5774,8
5775,1
5776,2
5777,4
5778,9
5779,9
5780,1
5781,3
5782,3
5783,6
5784,7
5785,7
5786,9
5787,3
5788,4
5789,6
5790,7
5791,6
5792,7
5793,9
5794,3
5795,0
5796,1
5797,8
5798,6
5799,3
5800,3
5801,9
5802,3
5803,8
5804,6
5805,4
5806,5
5807,8
5808,3
5809,9
5810,2
5811,6
5812,2
5813,7
5814,3
5815,0
5816,1
5817,1
5818,7
5819,3
5820,8
5821,7
5822,2
5823,2
5824,8
5825,0
5826,2
5827,9
5828,6
5829,1
5830,8
5831,4
5832,0
5833,5
5834,4
5835,7
5836,7
5837,0
5838,6
5839,1
5840,3
5841,7
5842,3
5843,2
5844,7
5845,6
5846,0
5847,0
5848,6
5849,1
5850,7
5851,7
5852,4
5853,5
5854,3
5855,5
5856,0
5857,2
5858,3
5859,4
5860,3
5861,6
5862,9
5863,6
5864,2
5865,7
5866,4
5867,9
5868,2
5869,4
5870,7
5871,0
5872,4
5873,6
5874,6
5875,2
5876,5
5877,6
5878,3
5879,8
5880,4
5881,0
5882,2
5883,6
5884,5
5885,9
5886,3
5887,4
5888,9
5889,9
5890,9
5891,2
5892,0
5893,8
5894,8
5895,5
5896,5
5897,8
5898,9
5899,4
5900,7
5901,5
5902,7
5903,2
5904,1
5905,8
5906,4
5907,4
5908,7
5909,0
5910,7
5911,1
5912,1
5913,8
5914,5
5915,7
5916,7
5917,2
5918,7
5919,9
5920,0
5921,7
5922,1
5923,8
5924,8
5925,9
5926,3
5927,8
5928,1
5929,9
5930,6
5931,5
5932,9
5933,4
5934,1
5935,4
5936,4
5937,3
5938,1
5939,3
5940,0
5941,8
5942,0
5943,0
5944,6
5945,6
5946,5
5947,0
5948,1
5949,8
5950,9
5951,0
5952,2
5953,4
5954,4
5955,8
5956,1
5957,7
5958,6
5959,0
5960,3
5961,3
5962,6
5963,6
5964,3
5965,6
5966,2
5967,8
5968,3
5969,5
5970,3
5971,7
5972,5
5973,9
5974,2
5975,4
5976,5
5977,3
5978,4
5979,2
5980,0
5981,3
5982,7
5983,9
5984,1
5985,6
5986,5
5987,9
5988,8
5989,8
5990,1
5991,6
5992,4
5993,5
5994,6
5995,0
5996,7
5997,0
5998,5
5999,5
6000,5
6001,5
6002,7
6003,1
6004,1
6005,0
6006,4
6007,0
6008,6
6009,6
6010,4
6011,7
6012,3
6013,5
6014,6
6015,8
6016,8
6017,5
6018,0
6019,7
6020,5
6021,6
6022,3
6023,3
6024,2
6025,3
6026,7
6027,1
6028,7
6029,7
6030,3
6031,1
6032,6
6033,3
6034,6
6035,0
6036,9
6037,0
6038,3
6039,1
6040,2
6041,7
6042,3
6043,0
6044,1
6045,4
6046,3
6047,2
6048,5
6049,8
6050,0
6051,1
6052,1
6053,1
6054,9
6055,4
6056,1
6057,0
6058,2
6059,4
6060,6
6061,0
6062,0
6063,8
6064,3
6065,6
6066,4
6067,4
6068,4
6069,2
6070,0
6071,5
6072,4
6073,6
6074,5
6075,3
6076,1
6077,4
6078,4
6079,8
6080,4
6081,9
6082,6
6083,6
6084,5
6085,4
6086,0
6087,9
6088,3
6089,7
6090,9
6091,5
6092,2
6093,6
6094,7
6095,4
6096,0
6097,8
6098,1
6099,2
6100,8
6101,4
6102,2
6103,9
6104,2
6105,5
6106,8
6107,7
6108,6
6109,3
6110,4
6111,1
6112,0
6113,4
6114,6
6115,5
6116,8
6117,0
6118,2
6119,9
6120,1
6121,4
6122,4
6123,4
6124,2
6125,3
6126,6
6127,9
6128,9
6129,5
6130,7
6131,4
6132,4
6133,7
6134,1
6135,8
6136,0
6137,4
6138,3
6139,5
6140,4
6141,0
6142,2
6143,0
6144,1
6145,2
6146,2
6147,5
6148,6
6149,8
6150,4
6151,7
6152,0
6153,1
6154,9
6155,1
6156,3
6157,2
6158,5
6159,3
6160,7
6161,4
6162,8
6163,3
6164,6
6165,4
6166,7
6167,0
6168,0
6169,3
6170,6
6171,0
6172,5
6173,8
6174,3
6175,1
6176,4
6177,1
6178,0
6179,2
6180,1
6181,1
6182,0
6183,4
6184,5
6185,3
6186,9
6187,0
6188,1
6189,3
6190,0
6191,3
6192,6
6193,5
6194,6
6195,6
6196,1
6197,8
6198,0
6199,2
6200,4
6201,8
6202,8
6203,9
6204,5
6205,8
6206,2
6207,5
6208,1
6209,6
6210,9
6211,7
6212,7
6213,4
6214,7
6215,7
6216,1
6217,9
6218,3
6219,4
6220,1
6221,3
6222,9
6223,1
6224,6
6225,1
6226,0
6227,5
6228,2
6229,1
6230,5
6231,3
6232,0
6233,6
6234,2
6235,6
6236,7
6237,4
6238,8
6239,1
6240,0
6241,3
6242,4
6243,2
6244,1
6245,5
6246,0
6247,3
6248,5
6249,9
6250,2
6251,8
6252,3
6253,8
6254,3
6255,7
6256,3
6257,5
6258,1
6259,0
6260,3
6261,5
6262,9
6263,8
6264,7
6265,0
6266,7
6267,6
6268,6
6269,2
6270,1
6271,4
6272,8
6273,5
6274,7
6275,9
6276,6
6277,7
6278,5
6279,6
6280,9
6281,8
6282,1
6283,9
6284,7
6285,5
6286,5
6287,0
6288,1
6289,3
6290,6
6291,2
6292,0
6293,2
6294,1
6295,7
6296,2
6297,5
6298,0
6299,3
6300,4
6301,2
6302,6
6303,1
6304,2
6305,2
6306,0
6307,7
6308,0
6309,5
6310,9
6311,7
6312,1
6313,5
6314,9
6315,1
6316,6
6317,5
6318,6
6319,2
6320,5
6321,4
6322,4
6323,4
6324,7
6325,2
6326,0
6327,1
6328,0
6329,7
6330,7
6331,2
6332,6
6333,7
6334,1
6335,5
6336,4
6337,7
6338,1
6339,7
6340,5
6341,0
6342,7
6343,7
6344,7
6345,9
6346,1
6347,2
6348,6
6349,4
6350,3
6351,8
6352,3
6353,9
6354,9
6355,9
6356,7
6357,8
6358,7
6359,4
6360,8
6361,9
6362,5
6363,1
6364,4
6365,5
6366,7
6367,3
6368,8
6369,6
6370,7
6371,9
6372,1
6373,4
6374,4
6375,1
6376,9
6377,8
6378,9
6379,2
6380,7
6381,3
6382,7
6383,3
6384,5
6385,6
6386,4
6387,6
6388,5
6389,7
6390,7
6391,9
6392,7
6393,3
6394,3
6395,8
6396,4
6397,2
6398,9
6399,6
6400,1
6401,8
6402,6
6403,6
6404,5
6405,8
6406,0
6407,5
6408,5
6409,3
6410,5
6411,2
6412,1
6413,9
6414,9
6415,9
6416,5
6417,7
6418,7
6419,8
6420,5
6421,6
6422,3
6423,8
6424,6
6425,1
6426,4
6427,3
6428,2
6429,1
6430,6
6431,8
6432,4
6433,6
6434,3
6435,3
6436,6
6437,6
6438,8
6439,0
6440,8
6441,4
6442,8
6443,3
6444,4
6445,3
6446,1
6447,3
6448,6
6449,0
6450,1
6451,1
6452,8
6453,8
6454,0
6455,2
6456,5
6457,2
6458,8
6459,4
6460,3
6461,5
6462,8
6463,4
6464,0
6465,4
6466,4
6467,2
6468,7
6469,0
6470,9
6471,0
6472,6
6473,1
6474,4
6475,6
6476,2
6477,8
6478,3
6479,7
6480,0
6481,4
6482,3
6483,0
6484,4
6485,5
6486,8
6487,5
6488,4
6489,8
6490,3
6491,8
6492,8
6493,7
6494,9
6495,1
6496,8
6497,7
6498,0
6499,1
6500,0
6501,4
6502,1
6503,3
6504,1
6505,7
6506,0
6507,0
6508,0
6509,3
6510,4
6511,2
6512,9
6513,1
6514,5
6515,8
6516,7
6517,7
6518,3
6519,2
6520,1
6521,9
6522,4
6523,8
6524,2
6525,0
6526,7
6527,0
6528,9
6529,4
6530,4
6531,0
6532,4
6533,2
6534,6
6535,3
6536,7
6537,2
6538,3
6539,9
6540,9
6541,3
6542,1
6543,7
6544,5
6545,8
6546,8
6547,3
6548,9
6549,0
6550,1
6551,8
6552,9
6553,9
6554,3
6555,8
6556,4
6557,1
6558,1
6559,3
6560,8
6561,4
6562,1
6563,0
6564,3
6565,0
6566,3
6567,5
6568,5
6569,0
6570,8
6571,1
6572,3
6573,3
6574,6
6575,1
6576,8
6577,9
6578,5
6579,6
6580,4
6581,6
6582,9
6583,0
6584,4
6585,5
6586,7
6587,3
6588,0
6589,2
6590,5
6591,1
6592,5
6593,0
6594,0
6595,3
6596,0
6597,9
6598,0
6599,5
6600,4
6601,6
6602,5
6603,7
6604,9
6605,0
6606,6
6607,5
6608,7
6609,0
6610,7
6611,5
6612,1
6613,7
6614,8
6615,8
6616,5
6617,1
6618,6
6619,3
6620,6
6621,7
6622,3
6623,0
6624,7
6625,8
6626,6
6627,3
6628,2
6629,9
6630,1
6631,2
6632,3
6633,2
6634,3
6635,7
6636,6
6637,9
6638,1
6639,5
6640,3
6641,8
6642,9
6643,7
6644,7
6645,4
6646,9
6647,9
6648,2
6649,4
6650,5
6651,6
6652,4
6653,3
6654,7
6655,2
6656,2
6657,7
6658,9
6659,2
6660,9
6661,0
6662,9
6663,1
6664,6
6665,5
6666,0
6667,0
6668,7
6669,0
6670,7
6671,4
6672,7
6673,2
6674,9
6675,7
6676,3
6677,9
6678,6
6679,1
6680,8
6681,6
6682,3
6683,7
6684,2
6685,0
6686,7
6687,1
6688,3
6689,8
6690,3
6691,7
6692,2
6693,9
6694,4
6695,6
6696,5
6697,6
6698,4
6699,4
6700,8
6701,6
6702,6
6703,7
6704,9
6705,0
6706,6
6707,9
6708,5
6709,1
6710,7
6711,2
6712,9
6713,9
6714,8
6715,5
6716,2
6717,8
6718,7
6719,4
6720,8
6721,4
6722,7
6723,4
6724,4
6725,2
6726,5
6727,5
6728,4
6729,1
6730,9
6731,1
6732,3
6733,3
6734,1
6735,7
6736,2
6737,9
6738,2
6739,4
6740,1
6741,4
6742,8
6743,3
6744,5
6745,0
6746,8
6747,8
6748,5
6749,5
6750,3
6751,0
6752,2
6753,9
6754,4
6755,7
6756,3
6757,3
6758,3
6759,7
6760,9
6761,8
6762,3
6763,0
6764,4
6765,3
6766,7
6767,2
6768,4
6769,4
6770,6
6771,4
6772,4
6773,9
6774,8
6775,0
6776,3
6777,3
6778,6
6779,7
6780,7
6781,6
6782,8
6783,9
6784,0
6785,3
6786,7
6787,9
6788,6
6789,1
6790,1
6791,7
6792,4
6793,3
6794,7
6795,4
6796,4
6797,6
6798,3
6799,9
6800,9
6801,9
6802,9
6803,8
6804,2
6805,0
6806,8
6807,5
6808,9
6809,5
6810,1
6811,3
6812,7
6813,3
6814,8
6815,9
6816,8
6817,0
6818,8
6819,1
6820,7
6821,3
6822,3
6823,0
6824,4
6825,7
6826,8
6827,4
6828,0
6829,8
6830,1
6831,8
6832,4
6833,0
6834,1
6835,6
6836,0
6837,7
6838,0
6839,6
6840,7
6841,3
6842,0
6843,4
6844,8
6845,4
6846,0
6847,5
6848,9
6849,7
6850,7
6851,5
6852,7
6853,0
6854,8
6855,4
6856,5
6857,5
6858,0
6859,2
6860,1
6861,0
6862,2
6863,4
6864,8
6865,5
6866,1
6867,6
6868,5
6869,5
6870,4
6871,6
6872,5
6873,6
6874,1
6875,1
6876,8
6877,4
6878,0
6879,0
6880,8
6881,8
6882,6
6883,6
6884,3
6885,9
6886,0
6887,8
6888,3
6889,8
6890,0
6891,2
6892,4
6893,9
6894,8
6895,7
6896,7
6897,7
6898,9
6899,1
6900,2
6901,0
6902,8
6903,4
6904,1
6905,9
6906,1
6907,2
6908,9
6909,3
6910,4
6911,2
6912,9
6913,3
6914,7
6915,2
6916,6
6917,2
6918,0
6919,3
6920,7
6921,4
6922,5
6923,7
6924,9
6925,7
6926,6
6927,3
6928,2
6929,6
6930,2
6931,4
6932,8
6933,3
6934,7
6935,3
6936,2
6937,5
6938,8
6939,2
6940,3
6941,8
6942,1
6943,8
6944,7
6945,4
6946,3
6947,1
6948,1
6949,8
6950,1
6951,6
6952,0
6953,1
6954,9
6955,9
6956,9
6957,2
6958,8
6959,3
6960,1
6961,8
6962,3
6963,0
6964,0
6965,5
6966,4
6967,4
6968,5
6969,3
6970,5
6971,2
6972,1
6973,9
6974,9
6975,5
6976,2
6977,7
6978,4
6979,5
6980,8
6981,4
6982,9
6983,5
6984,3
6985,1
6986,7
6987,4
6988,0
6989,4
6990,3
6991,5
6992,5
6993,2
6994,2
6995,4
6996,3
6997,6
6998,7
6999,1
7000,5
7001,6
7002,4
7003,5
7004,2
7005,9
7006,3
7007,8
7008,4
7009,4
7010,6
7011,6
7012,4
7013,4
7014,9
7015,2
7016,9
7017,4
7018,6
7019,5
7020,2
7021,5
7022,4
7023,5
7024,2
7025,9
7026,9
7027,1
7028,6
7029,3
7030,5
7031,5
7032,5
7033,7
7034,7
7035,7
7036,9
7037,7
7038,6
7039,6
7040,1
7041,4
7042,7
7043,7
7044,7
7045,3
7046,3
7047,4
7048,9
7049,2
7050,6
7051,4
7052,8
7053,3
7054,2
7055,2
7056,6
7057,1
7058,7
7059,9
7060,2
7061,9
7062,0
7063,8
7064,8
7065,6
7066,1
7067,1
7068,7
7069,2
7070,4
7071,9
7072,9
7073,6
7074,2
7075,6
7076,9
7077,3
7078,8
7079,8
7080,7
7081,4
7082,5
7083,5
7084,0
7085,0
7086,4
7087,3
7088,8
7089,8
7090,4
7091,3
7092,2
7093,5
7094,1
7095,4
7096,8
7097,6
7098,4
7099,0
7100,4
7101,5
7102,5
7103,1
7104,6
7105,0
7106,6
7107,1
7108,1
7109,7
7110,0
7111,1
7112,5
7113,1
7114,5
7115,7
7116,5
7117,4
7118,2
7119,8
7120,7
7121,8
7122,8
7123,3
7124,3
7125,6
7126,7
7127,6
7128,8
7129,0
7130,1
7131,1
7132,2
7133,0
7134,8
7135,6
7136,2
7137,9
7138,8
7139,1
7140,0
7141,6
7142,6
7143,6
7144,4
7145,3
7146,7
7147,5
7148,0
7149,4
7150,2
7151,7
7152,8
7153,1
7154,0
7155,5
7156,2
7157,5
7158,6
7159,4
7160,2
7161,3
7162,9
7163,5
7164,0
7165,9
7166,3
7167,4
7168,4
7169,6
7170,9
7171,5
7172,2
7173,2
7174,3
7175,4
7176,8
7177,8
7178,7
7179,6
7180,0
7181,5
7182,6
7183,4
7184,3
7185,9
7186,7
7187,0
7188,8
7189,6
7190,4
7191,2
7192,0
7193,3
7194,1
7195,8
7196,0
7197,1
7198,8
7199,4
7200,0
7201,7
7202,0
7203,2
7204,2
7205,6
7206,2
7207,5
7208,0
7209,0
7210,6
7211,1
7212,7
7213,9
7214,1
7215,0
7216,2
7217,0
7218,6
7219,8
7220,1
7221,8
7222,6
7223,9
7224,3
7225,0
7226,1
7227,5
7228,3
7229,4
7230,8
7231,4
7232,6
7233,4
7234,1
7235,2
7236,5
7237,9
7238,6
7239,8
7240,3
7241,9
7242,3
7243,1
7244,0
7245,5
7246,5
7247,8
7248,7
7249,7
7250,0
7251,3
7252,5
7253,2
7254,4
7255,4
7256,9
7257,6
7258,0
7259,6
7260,0
7261,3
7262,6
7263,6
7264,1
7265,8
7266,5
7267,0
7268,2
7269,8
7270,1
7271,4
7272,5
7273,0
7274,8
7275,5
7276,4
7277,3
7278,4
7279,9
7280,0
7281,4
7282,8
7283,9
7284,4
7285,6
7286,7
7287,3
7288,1
7289,4
7290,2
7291,7
7292,4
7293,7
7294,1
7295,9
7296,8
7297,5
7298,4
7299,4
7300,3
7301,5
7302,4
7303,5
7304,9
7305,4
7306,7
7307,5
7308,6
7309,2
7310,8
7311,9
7312,2
7313,0
7314,5
7315,5
7316,1
7317,9
7318,2
7319,6
7320,4
7321,6
7322,5
7323,1
7324,7
7325,0
7326,2
7327,2
7328,6
7329,8
7330,3
7331,7
7332,1
7333,6
7334,2
7335,6
7336,2
7337,1
7338,8
7339,6
7340,1
7341,8
7342,5
7343,3
7344,2
7345,7
7346,9
7347,0
7348,3
7349,6
7350,0
7351,8
7352,5
7353,8
7354,7
7355,0
7356,3
7357,6
7358,1
7359,6
7360,6
7361,2
7362,2
7363,0
7364,6
7365,0
7366,3
7367,1
7368,5
7369,5
7370,5
7371,3
7372,7
7373,1
7374,3
7375,0
7376,9
7377,8
7378,8
7379,9
7380,0
7381,5
7382,6
7383,9
7384,2
7385,1
7386,7
7387,0
7388,9
7389,5
7390,2
7391,8
7392,4
7393,7
7394,8
7395,1
7396,2
7397,9
7398,1
7399,4
7400,8
7401,6
7402,4
7403,7
7404,5
7405,7
7406,0
7407,8
7408,7
7409,1
7410,6
7411,4
7412,6
7413,5
7414,1
7415,4
7416,9
7417,7
7418,8
7419,1
7420,0
7421,4
7422,8
7423,6
7424,3
7425,7
7426,0
7427,9
7428,8
7429,0
7430,2
7431,7
7432,8
7433,5
7434,0
7435,4
7436,5
7437,9
7438,5
7439,7
7440,0
7441,2
7442,3
7443,3
7444,1
7445,2
7446,4
7447,6
7448,2
7449,7
7450,3
7451,8
7452,4
7453,1
7454,1
7455,0
7456,0
7457,8
7458,5
7459,8
7460,5
7461,3
7462,9
7463,6
7464,1
7465,9
7466,1
7467,4
7468,6
7469,8
7470,5
7471,4
7472,4
7473,9
7474,2
7475,5
7476,5
7477,8
7478,4
7479,5
7480,2
7481,4
7482,0
7483,6
7484,4
7485,2
7486,5
7487,5
7488,7
7489,2
7490,6
7491,4
7492,5
7493,3
7494,2
7495,7
7496,9
7497,8
7498,3
7499,2
7500,0
7501,2
7502,2
7503,2
7504,4
7505,2
7506,8
7507,3
7508,7
7509,3
7510,5
7511,2
7512,4
7513,2
7514,7
7515,2
7516,4
7517,2
7518,8
7519,4
7520,8
7521,9
7522,8
7523,9
7524,6
7525,0
7526,7
7527,3
7528,3
7529,7
7530,0
7531,1
7532,1
7533,5
7534,4
7535,7
7536,9
7537,0
7538,0
7539,9
7540,9
7541,1
7542,0
7543,3
7544,4
7545,2
7546,8
7547,1
7548,7
7549,8
7550,4
7551,2
7552,8
7553,3
7554,8
7555,2
7556,4
7557,2
7558,6
7559,0
7560,6
7561,3
7562,3
7563,8
7564,1
7565,6
7566,1
7567,0
7568,5
7569,0
7570,0
7571,0
7572,0
7573,1
7574,0
7575,8
7576,7
7577,9
7578,3
7579,8
7580,8
7581,5
7582,6
7583,7
7584,4
7585,6
7586,3
7587,4
7588,1
7589,1
7590,4
7591,8
7592,4
7593,1
7594,7
7595,8
7596,6
7597,3
7598,6
7599,6
7600,9
7601,0
7602,1
7603,0
7604,1
7605,4
7606,9
7607,2
7608,5
7609,8
7610,6
7611,7
7612,1
7613,5
7614,4
7615,7
7616,4
7617,3
7618,7
7619,0
7620,4
7621,4
7622,3
7623,9
7624,2
7625,6
7626,1
7627,7
7628,6
7629,1
7630,7
7631,6
7632,7
7633,4
7634,2
7635,4
7636,8
7637,4
7638,0
7639,5
7640,1
7641,9
7642,9
7643,5
7644,1
7645,4
7646,5
7647,4
7648,0
7649,8
7650,8
7651,3
7652,4
7653,2
7654,7
7655,5
7656,3
7657,8
7658,5
7659,5
7660,9
7661,7
7662,2
7663,5
7664,1
7665,4
7666,4
7667,3
7668,4
7669,6
7670,8
7671,7
7672,9
7673,9
7674,5
7675,1
7676,3
7677,7
7678,6
7679,1
7680,5
7681,9
7682,4
7683,5
7684,8
7685,2
7686,5
7687,0
7688,5
7689,8
7690,0
7691,5
7692,9
7693,8
7694,0
7695,3
7696,9
7697,7
7698,9
7699,7
7700,9
7701,1
7702,4
7703,3
7704,5
7705,7
7706,5
7707,2
7708,9
7709,9
7710,0
7711,0
7712,7
7713,7
7714,7
7715,0
7716,3
7717,5
7718,4
7719,0
7720,5
7721,9
7722,7
7723,6
7724,3
7725,3
7726,5
7727,0
7728,2
7729,7
7730,3
7731,1
7732,5
7733,4
7734,6
7735,0
7736,5
7737,4
7738,9
7739,2
7740,0
7741,0
7742,4
7743,6
7744,6
7745,6
7746,1
7747,2
7748,7
7749,3
7750,3
7751,2
7752,1
7753,7
7754,9
7755,7
7756,5
7757,8
7758,9
7759,9
7760,8
7761,5
7762,6
7763,0
7764,5
7765,6
7766,3
7767,9
7768,6
7769,7
7770,8
7771,3
7772,4
7773,7
7774,5
7775,8
7776,0
7777,2
7778,9
7779,0
7780,0
7781,3
7782,0
7783,0
7784,0
7785,8
7786,9
7787,9
7788,9
7789,1
7790,3
7791,3
7792,8
7793,7
7794,1
7795,7
7796,8
7797,1
7798,0
7799,2
7800,2
7801,6
7802,8
7803,6
7804,2
7805,3
7806,8
7807,5
7808,7
7809,4
7810,6
7811,2
7812,7
7813,2
7814,0
7815,4
7816,2
7817,9
7818,1
7819,7
7820,4
7821,7
7822,5
7823,4
7824,8
7825,1
7826,2
7827,5
7828,9
7829,0
7830,5
7831,5
7832,2
7833,5
7834,1
7835,9
7836,3
7837,4
7838,4
7839,4
7840,0
7841,9
7842,3
7843,4
7844,9
7845,3
7846,9
7847,1
7848,3
7849,6
7850,5
7851,6
7852,3
7853,1
7854,2
7855,4
7856,4
7857,4
7858,0
7859,7
7860,6
7861,4
7862,8
7863,1
7864,5
7865,0
7866,2
7867,7
7868,1
7869,2
7870,9
7871,6
7872,9
7873,7
7874,0
7875,3
7876,6
7877,5
7878,7
7879,0
7880,9
7881,0
7882,8
7883,1
7884,7
7885,4
7886,2
7887,6
7888,7
7889,7
7890,2
7891,9
7892,8
7893,5
7894,0
7895,3
7896,5
7897,3
7898,6
7899,7
7900,2
7901,6
7902,4
7903,9
7904,8
7905,7
7906,0
7907,2
7908,8
7909,3
7910,2
7911,5
7912,2
7913,5
7914,9
7915,2
7916,9
7917,2
7918,6
7919,8
7920,9
7921,2
7922,7
7923,7
7924,5
7925,5
7926,4
7927,5
7928,6
7929,1
7930,2
7931,7
7932,9
7933,1
7934,1
7935,4
7936,0
7937,7
7938,1
7939,8
7940,2
7941,7
7942,2
7943,0
7944,2
7945,2
7946,5
7947,6
7948,9
7949,1
7950,3
7951,4
7952,9
7953,3
7954,7
7955,6
7956,4
7957,9
7958,6
7959,7
7960,1
7961,0
7962,3
7963,9
7964,3
7965,9
7966,4
7967,2
7968,8
7969,3
7970,2
7971,0
7972,8
7973,6
7974,8
7975,5
7976,3
7977,8
7978,2
7979,0
7980,5
7981,0
7982,9
7983,8
7984,2
7985,1
7986,0
7987,7
7988,5
7989,8
7990,8
7991,1
7992,9
7993,5
7994,5
7995,6
7996,6
7997,0
7998,0
7999,4
8000,1
8001,9
8002,3
8003,8
8004,9
8005,5
8006,6
8007,7
8008,9
8009,5
8010,0
8011,9
8012,8
8013,0
8014,1
8015,3
8016,2
8017,7
8018,2
8019,7
8020,4
8021,9
8022,8
8023,8
8024,8
8025,2
8026,4
8027,8
8028,9
8029,8
8030,2
8031,0
8032,9
8033,9
8034,0
8035,1
8036,9
8037,6
8038,3
8039,5
8040,3
8041,1
8042,3
8043,6
8044,3
8045,4
8046,9
8047,2
8048,4
8049,8
8050,2
8051,8
8052,8
8053,0
8054,1
8055,2
8056,0
8057,0
8058,7
8059,8
8060,4
8061,5
8062,9
8063,6
8064,9
8065,6
8066,7
8067,9
8068,8
8069,2
8070,8
8071,2
8072,7
8073,3
8074,0
8075,3
8076,2
8077,8
8078,7
8079,8
8080,3
8081,2
8082,1
8083,5
8084,2
8085,3
8086,6
8087,3
8088,3
8089,3
8090,4
8091,4
8092,0
8093,4
8094,5
8095,6
8096,3
8097,3
8098,9
8099,7
8100,8
8101,3
8102,8
8103,7
8104,3
8105,0
8106,4
8107,0
8108,4
8109,4
8110,9
8111,1
8112,7
8113,5
8114,3
8115,4
8116,2
8117,6
8118,2
8119,4
8120,5
8121,3
8122,8
8123,9
8124,6
8125,7
8126,3
8127,7
8128,0
8129,0
8130,2
8131,7
8132,8
8133,4
8134,1
8135,5
8136,9
8137,2
8138,2
8139,2
8140,7
8141,2
8142,2
8143,5
8144,5
8145,6
8146,7
8147,1
8148,9
8149,4
8150,6
8151,1
8152,9
8153,1
8154,9
8155,5
8156,1
8157,7
8158,9
8159,1
8160,0
8161,1
8162,1
8163,1
8164,8
8165,1
8166,1
8167,6
8168,3
8169,6
8170,1
8171,3
8172,0
8173,7
8174,6
8175,8
8176,9
8177,8
8178,5
8179,4
8180,8
8181,1
8182,3
8183,2
8184,1
8185,6
8186,8
8187,5
8188,4
8189,2
8190,8
8191,2
8192,0
8193,6
8194,1
8195,5
8196,1
8197,4
8198,2
8199,9
8200,5
8201,4
8202,5
8203,8
8204,8
8205,4
8206,5
8207,3
8208,8
8209,0
8210,4
8211,2
8212,5
8213,2
8214,0
8215,5
8216,0
8217,5
8218,2
8219,4
8220,7
8221,1
8222,3
8223,8
8224,3
8225,2
8226,6
8227,4
8228,3
8229,0
8230,9
8231,0
8232,9
8233,3
8234,9
8235,6
8236,5
8237,7
8238,8
8239,7
8240,1
8241,0
8242,2
8243,4
8244,7
8245,7
8246,5
8247,1
8248,4
8249,1
8250,2
8251,4
8252,2
8253,2
8254,5
8255,4
8256,2
8257,7
8258,9
8259,6
8260,4
8261,5
8262,1
8263,0
8264,3
8265,2
8266,0
8267,3
8268,7
8269,1
8270,3
8271,4
8272,9
8273,5
8274,5
8275,3
8276,4
8277,1
8278,5
8279,9
8280,6
8281,6
8282,6
8283,2
8284,3
8285,4
8286,5
8287,4
8288,1
8289,2
8290,1
8291,6
8292,7
8293,7
8294,6
8295,5
8296,1
8297,3
8298,2
8299,5
8300,1
8301,1
8302,3
8303,3
8304,0
8305,1
8306,5
8307,7
8308,2
8309,2
8310,5
8311,2
8312,7
8313,3
8314,6
8315,8
8316,2
8317,4
8318,1
8319,3
8320,4
8321,7
8322,0
8323,3
8324,2
8325,9
8326,7
8327,7
8328,1
8329,8
8330,4
8331,5
8332,5
8333,3
8334,9
8335,4
8336,4
8337,0
8338,8
8339,0
8340,5
8341,8
8342,0
8343,2
8344,6
8345,5
8346,4
8347,2
8348,2
8349,3
8350,5
8351,8
8352,9
8353,3
8354,5
8355,6
8356,7
8357,8
8358,3
8359,0
8360,6
8361,4
8362,6
8363,7
8364,6
8365,4
8366,0
8367,4
8368,7
8369,6
8370,8
8371,3
8372,6
8373,2
8374,0
8375,4
8376,9
8377,0
8378,6
8379,9
8380,3
8381,3
8382,6
8383,6
8384,0
8385,2
8386,1
8387,5
8388,1
8389,1
8390,8
8391,0
8392,2
8393,5
8394,3
8395,4
8396,0
8397,8
8398,7
8399,8
8400,3
8401,2
8402,5
8403,7
8404,4
8405,7
8406,7
8407,5
8408,3
8409,6
8410,8
8411,4
8412,1
8413,0
8414,8
8415,3
8416,9
8417,5
8418,6
8419,2
8420,1
8421,7
8422,8
8423,2
8424,3
8425,2
8426,2
8427,9
8428,3
8429,2
8430,3
8431,8
8432,0
8433,0
8434,8
8435,7
8436,9
8437,2
8438,4
8439,1
8440,1
8441,9
8442,2
8443,1
8444,5
8445,5
8446,6
8447,1
8448,9
8449,8
8450,5
8451,1
8452,9
8453,7
8454,3
8455,9
8456,1
8457,5
8458,8
8459,2
8460,6
8461,6
8462,0
8463,7
8464,5
8465,0
8466,4
8467,5
8468,2
8469,2
8470,6
8471,8
8472,4
8473,4
8474,4
8475,8
8476,9
8477,4
8478,3
8479,1
8480,3
8481,7
8482,4
8483,9
8484,6
8485,3
8486,5
8487,4
8488,7
8489,3
8490,8
8491,5
8492,4
8493,6
8494,4
8495,6
8496,5
8497,7
8498,7
8499,3
8500,4
8501,6
8502,0
8503,2
8504,4
8505,0
8506,1
8507,1
8508,8
8509,3
8510,4
8511,2
8512,8
8513,1
8514,3
8515,9
8516,4
8517,4
8518,9
8519,3
8520,3
8521,8
8522,0
8523,4
8524,1
8525,9
8526,5
8527,3
8528,1
8529,6
8530,3
8531,9
8532,4
8533,5
8534,3
8535,6
8536,5
8537,4
8538,2
8539,8
8540,1
8541,1
8542,9
8543,2
8544,0
8545,4
8546,8
8547,9
8548,5
8549,6
8550,2
8551,3
8552,5
8553,1
8554,8
8555,4
8556,5
8557,9
8558,6
8559,2
8560,3
8561,5
8562,2
8563,8
8564,3
8565,1
8566,4
8567,0
8568,1
8569,5
8570,9
8571,2
8572,0
8573,4
8574,5
8575,6
8576,0
8577,4
8578,6
8579,5
8580,9
8581,5
8582,3
8583,7
8584,8
8585,0
8586,2
8587,3
8588,2
8589,8
8590,0
8591,5
8592,2
8593,8
8594,5
8595,3
8596,2
8597,8
8598,2
8599,1
8600,7
8601,5
8602,7
8603,5
8604,8
8605,1
8606,4
8607,9
8608,4
8609,5
8610,5
8611,7
8612,3
8613,2
8614,8
8615,2
8616,2
8617,4
8618,3
8619,3
8620,5
8621,4
8622,6
8623,9
8624,4
8625,0
8626,0
8627,3
8628,6
8629,5
8630,2
8631,9
8632,1
8633,1
8634,9
8635,9
8636,0
8637,5
8638,3
8639,0
8640,1
8641,2
8642,1
8643,8
8644,9
8645,1
8646,0
8647,7
8648,2
8649,8
8650,5
8651,1
8652,9
8653,4
8654,1
8655,5
8656,0
8657,2
8658,9
8659,3
8660,1
8661,9
8662,7
8663,9
8664,4
8665,9
8666,1
8667,6
8668,0
8669,2
8670,1
8671,6
8672,2
8673,3
8674,1
8675,8
8676,6
8677,7
8678,6
8679,2
8680,6
8681,5
8682,8
8683,0
8684,1
8685,3
8686,1
8687,9
8688,5
8689,5
8690,3
8691,2
8692,3
8693,3
8694,8
8695,5
8696,1
8697,7
8698,3
8699,5
8700,7
8701,6
8702,5
8703,1
8704,9
8705,5
8706,1
8707,8
8708,6
8709,6
8710,1
8711,1
8712,3
8713,4
8714,9
8715,8
8716,3
8717,2
8718,9
8719,8
8720,5
8721,9
8722,7
8723,4
8724,8
8725,1
8726,1
8727,4
8728,5
8729,8
8730,9
8731,4
8732,2
8733,5
8734,5
8735,1
8736,5
8737,8
8738,4
8739,1
8740,9
8741,1
8742,0
8743,0
8744,0
8745,6
8746,4
8747,2
8748,0
8749,7
8750,3
8751,2
8752,9
8753,9
8754,5
8755,2
8756,8
8757,9
8758,4
8759,9
8760,1
8761,6
8762,1
8763,3
8764,9
8765,5
8766,8
8767,5
8768,7
8769,2
8770,1
8771,6
8772,4
8773,9
8774,0
8775,0
8776,8
8777,0
8778,6
8779,0
8780,7
8781,2
8782,8
8783,0
8784,0
8785,9
8786,3
8787,2
8788,5
8789,8
8790,7
8791,1
8792,0
8793,2
8794,2
8795,3
8796,5
8797,6
8798,5
8799,2
8800,1
8801,7
8802,9
8803,1
8804,5
8805,1
8806,7
8807,0
8808,8
8809,8
8810,4
8811,0
8812,5
8813,1
8814,5
8815,6
8816,7
8817,7
8818,7
8819,9
8820,9
8821,1
8822,4
8823,2
8824,8
8825,5
8826,5
8827,3
8828,3
8829,3
8830,3
8831,5
8832,5
8833,6
8834,1
8835,9
8836,7
8837,3
8838,2
8839,9
8840,1
8841,4
8842,7
8843,2
8844,1
8845,1
8846,7
8847,8
8848,8
8849,5
8850,0
8851,8
8852,6
8853,3
8854,4
8855,9
8856,9
8857,0
8858,6
8859,4
8860,5
8861,3
8862,7
8863,3
8864,6
8865,7
8866,3
8867,6
8868,0
8869,3
8870,4
8871,8
8872,1
8873,8
8874,4
8875,6
8876,1
8877,5
8878,1
8879,0
8880,4
8881,4
8882,6
8883,4
8884,3
8885,2
8886,4
8887,1
8888,9
8889,2
8890,5
8891,3
8892,9
8893,3
8894,7
8895,2
8896,3
8897,7
8898,4
8899,9
8900,2
8901,7
8902,5
8903,5
8904,2
8905,4
8906,4
8907,1
8908,3
8909,0
8910,2
8911,2
8912,6
8913,8
8914,2
8915,4
8916,7
8917,7
8918,6
8919,9
8920,6
8921,9
8922,5
8923,4
8924,9
8925,7
8926,7
8927,1
8928,0
8929,9
8930,0
8931,8
8932,7
8933,5
8934,5
8935,5
8936,5
8937,8
8938,1
8939,6
8940,7
8941,9
8942,4
8943,6
8944,2
8945,4
8946,0
8947,4
8948,4
8949,2
8950,5
8951,0
8952,1
8953,0
8954,9
8955,4
8956,0
8957,7
8958,9
8959,1
8960,4
8961,0
8962,8
8963,2
8964,5
8965,1
8966,8
8967,1
8968,8
8969,9
8970,7
8971,1
8972,1
8973,8
8974,8
8975,2
8976,4
8977,9
8978,7
8979,0
8980,0
8981,4
8982,2
8983,1
8984,1
8985,8
8986,8
8987,0
8988,6
8989,8
8990,5
8991,8
8992,4
8993,4
8994,7
8995,4
8996,4
8997,1
8998,2
8999,2
9000,9
9001,8
9002,0
9003,7
9004,1
9005,8
9006,9
9007,1
9008,2
9009,7
9010,2
9011,1
9012,9
9013,3
9014,0
9015,7
9016,7
9017,6
9018,7
9019,7
9020,3
9021,2
9022,1
9023,7
9024,5
9025,6
9026,2
9027,9
9028,7
9029,6
9030,6
9031,0
9032,0
9033,5
9034,6
9035,7
9036,7
9037,6
9038,1
9039,9
9040,2
9041,3
9042,1
9043,4
9044,8
9045,1
9046,6
9047,7
9048,5
9049,1
9050,2
9051,5
9052,6
9053,8
9054,5
9055,7
9056,2
9057,5
9058,5
9059,9
9060,3
9061,8
9062,8
9063,9
9064,0
9065,2
9066,8
9067,4
9068,4
9069,5
9070,5
9071,3
9072,6
9073,8
9074,7
9075,3
9076,1
9077,9
9078,0
9079,0
9080,2
9081,5
9082,6
9083,3
9084,6
9085,1
9086,0
9087,8
9088,1
9089,5
9090,8
9091,3
9092,5
9093,6
9094,8
9095,4
9096,6
9097,2
9098,2
9099,7
9100,4
9101,7
9102,0
9103,2
9104,0
9105,3
9106,7
9107,7
9108,3
9109,1
9110,7
9111,2
9112,0
9113,3
9114,6
9115,3
9116,5
9117,0
9118,9
9119,3
9120,5
9121,1
9122,3
9123,7
9124,4
9125,7
9126,2
9127,3
9128,4
9129,6
9130,3
9131,2
9132,7
9133,0
9134,6
9135,3
9136,4
9137,4
9138,6
9139,4
9140,3
9141,1
9142,8
9143,9
9144,3
9145,0
9146,2
9147,7
9148,0
9149,3
9150,8
9151,8
9152,7
9153,0
9154,1
9155,5
9156,0
9157,1
9158,2
9159,7
9160,0
9161,2
9162,7
9163,8
9164,6
9165,0
9166,0
9167,2
9168,4
9169,2
9170,1
9171,2
9172,8
9173,0
9174,0
9175,0
9176,2
9177,7
9178,9
9179,3
9180,3
9181,5
9182,9
9183,0
9184,7
9185,1
9186,8
9187,6
9188,8
9189,3
9190,3
9191,0
9192,0
9193,4
9194,3
9195,6
9196,3
9197,3
9198,5
9199,4
9200,7
9201,1
9202,5
9203,3
9204,2
9205,1
9206,6
9207,9
9208,3
9209,4
9210,5
9211,4
9212,5
9213,8
9214,8
9215,4
9216,0
9217,3
9218,4
9219,5
9220,4
9221,2
9222,6
9223,5
9224,6
9225,5
9226,9
9227,3
9228,9
9229,0
9230,2
9231,0
9232,2
9233,9
9234,9
9235,7
9236,8
9237,1
9238,4
9239,0
9240,9
9241,6
9242,4
9243,3
9244,2
9245,7
9246,5
9247,3
9248,2
9249,2
9250,4
9251,4
9252,6
9253,3
9254,7
9255,1
9256,2
9257,7
9258,1
9259,4
9260,1
9261,7
9262,9
9263,5
9264,1
9265,4
9266,6
9267,0
9268,8
9269,5
9270,5
9271,6
9272,6
9273,2
9274,5
9275,7
9276,3
9277,6
9278,1
9279,7
9280,1
9281,1
9282,2
9283,4
9284,1
9285,5
9286,1
9287,4
9288,9
9289,9
9290,5
9291,2
9292,7
9293,8
9294,9
9295,2
9296,4
9297,8
9298,6
9299,3
9300,2
9301,2
9302,1
9303,2
9304,7
9305,4
9306,2
9307,8
9308,4
9309,2
9310,8
9311,3
9312,8
9313,9
9314,7
9315,8
9316,0
9317,5
9318,4
9319,3
9320,8
9321,5
9322,3
9323,2
9324,3
9325,6
9326,2
9327,0
9328,9
9329,6
9330,1
9331,3
9332,1
9333,5
9334,6
9335,8
9336,3
9337,1
9338,7
9339,5
9340,6
9341,1
9342,8
9343,1
9344,3
9345,6
9346,8
9347,0
9348,5
9349,7
9350,2
9351,3
9352,3
9353,9
9354,0
9355,2
9356,8
9357,4
9358,3
9359,1
9360,6
9361,4
9362,8
9363,2
9364,4
9365,8
9366,8
9367,5
9368,1
9369,8
9370,7
9371,2
9372,0
9373,6
9374,6
9375,9
9376,8
9377,2
9378,1
9379,0
9380,9
9381,7
9382,7
9383,4
9384,6
9385,9
9386,9
9387,4
9388,4
9389,1
9390,8
9391,4
9392,1
9393,8
9394,4
9395,4
9396,3
9397,3
9398,9
9399,1
9400,4
9401,7
9402,3
9403,8
9404,9
9405,6
9406,8
9407,7
9408,9
9409,0
9410,1
9411,2
9412,5
9413,9
9414,8
9415,1
9416,5
9417,6
9418,5
9419,1
9420,4
9421,7
9422,4
9423,4
9424,6
9425,1
9426,2
9427,4
9428,8
9429,7
9430,2
9431,8
9432,3
9433,1
9434,8
9435,9
9436,6
9437,9
9438,4
9439,5
9440,4
9441,1
9442,6
9443,9
9444,5
9445,2
9446,9
9447,7
9448,7
9449,5
9450,8
9451,5
9452,3
9453,0
9454,1
9455,4
9456,2
9457,9
9458,8
9459,4
9460,4
9461,7
9462,5
9463,8
9464,5
9465,3
9466,9
9467,7
9468,8
9469,5
9470,6
9471,6
9472,5
9473,5
9474,5
9475,5
9476,5
9477,5
9478,7
9479,0
9480,5
9481,0
9482,8
9483,1
9484,9
9485,4
9486,8
9487,2
9488,2
9489,4
9490,9
9491,8
9492,6
9493,2
9494,8
9495,7
9496,7
9497,6
9498,8
9499,8
9500,7
9501,6
9502,2
9503,6
9504,8
9505,6
9506,9
9507,6
9508,6
9509,8
9510,1
9511,5
9512,4
9513,9
9514,3
9515,8
9516,7
9517,2
9518,1
9519,8
9520,9
9521,2
9522,2
9523,0
9524,6
9525,6
9526,6
9527,8
9528,7
9529,7
9530,2
9531,5
9532,3
9533,6
9534,3
9535,5
9536,9
9537,7
9538,9
9539,5
9540,0
9541,0
9542,2
9543,3
9544,7
9545,0
9546,5
9547,8
9548,5
9549,6
9550,0
9551,3
9552,4
9553,8
9554,9
9555,5
9556,3
9557,4
9558,8
9559,3
9560,8
9561,5
9562,0
9563,8
9564,6
9565,1
9566,1
9567,2
9568,0
9569,9
9570,8
9571,1
9572,6
9573,3
9574,8
9575,1
9576,4
9577,2
9578,6
9579,3
9580,6
9581,6
9582,5
9583,1
9584,4
9585,1
9586,0
9587,2
9588,3
9589,3
9590,9
9591,8
9592,6
9593,1
9594,0
9595,0
9596,1
9597,4
9598,4
9599,2
9600,3
9601,1
9602,8
9603,3
9604,4
9605,4
9606,3
9607,4
9608,2
9609,6
9610,2
9611,2
9612,8
9613,3
9614,5
9615,8
9616,4
9617,5
9618,9
9619,4
9620,8
9621,9
9622,6
9623,0
9624,1
9625,8
9626,8
9627,6
9628,5
9629,8
9630,7
9631,9
9632,7
9633,0
9634,6
9635,5
9636,6
9637,1
9638,1
9639,7
9640,5
9641,5
9642,7
9643,7
9644,2
9645,9
9646,9
9647,5
9648,0
9649,0
9650,7
9651,8
9652,5
9653,9
9654,8
9655,4
9656,2
9657,9
9658,2
9659,5
9660,5
9661,2
9662,0
9663,9
9664,2
9665,6
9666,3
9667,2
9668,5
9669,4
9670,7
9671,0
9672,0
9673,2
9674,8
9675,5
9676,9
9677,8
9678,0
9679,1
9680,3
9681,0
9682,8
9683,7
9684,9
9685,1
9686,4
9687,0
9688,6
9689,5
9690,0
9691,9
9692,2
9693,4
9694,3
9695,4
9696,1
9697,7
9698,0
9699,0
9700,0
9701,3
9702,0
9703,3
9704,6
9705,0
9706,3
9707,8
9708,3
9709,9
9710,8
9711,0
9712,9
9713,8
9714,9
9715,7
9716,8
9717,6
9718,8
9719,8
9720,7
9721,4
9722,3
9723,8
9724,8
9725,0
9726,2
9727,2
9728,3
9729,5
9730,4
9731,4
9732,3
9733,2
9734,0
9735,9
9736,6
9737,5
9738,2
9739,5
9740,4
9741,6
9742,6
9743,5
9744,3
9745,8
9746,8
9747,5
9748,5
9749,2
9750,7
9751,7
9752,1
9753,4
9754,9
9755,0
9756,1
9757,0
9758,8
9759,9
9760,4
9761,4
9762,6
9763,5
9764,4
9765,9
9766,5
9767,9
9768,2
9769,4
9770,9
9771,5
9772,8
9773,0
9774,2
9775,7
9776,3
9777,3
9778,0
9779,2
9780,0
9781,3
9782,1
9783,2
9784,2
9785,0
9786,6
9787,5
9788,5
9789,1
9790,9
9791,3
9792,9
9793,6
9794,1
9795,1
9796,8
9797,4
9798,8
9799,8
9800,7
9801,9
9802,8
9803,3
9804,7
9805,4
9806,0
9807,5
9808,5
9809,7
9810,8
9811,7
9812,8
9813,5
9814,9
9815,8
9816,1
9817,7
9818,6
9819,8
9820,4
9821,3
9822,4
9823,9
9824,9
9825,4
9826,0
9827,9
9828,5
9829,6
9830,7
9831,6
9832,8
9833,5
9834,1
9835,5
9836,5
9837,7
9838,7
9839,2
9840,2
9841,4
9842,4
9843,7
9844,3
9845,5
9846,6
9847,3
9848,7
9849,9
9850,5
9851,8
9852,8
9853,9
9854,0
9855,2
9856,4
9857,4
9858,1
9859,1
9860,7
9861,8
9862,6
9863,7
9864,1
9865,1
9866,2
9867,9
9868,0
9869,1
9870,2
9871,8
9872,8
9873,9
9874,1
9875,8
9876,5
9877,6
9878,0
9879,1
9880,9
9881,4
9882,0
9883,8
9884,4
9885,3
9886,9
9887,2
9888,5
9889,2
9890,1
9891,3
9892,1
9893,7
9894,3
9895,8
9896,0
9897,1
9898,7
9899,5
9900,9
9901,4
9902,8
9903,2
9904,1
9905,7
9906,8
9907,8
9908,8
9909,2
9910,0
9911,4
9912,1
9913,0
9914,1
9915,0
9916,3
9917,0
9918,3
9919,9
9920,0
9921,1
9922,2
9923,3
9924,0
9925,8
9926,9
9927,8
9928,5
9929,5
9930,1
9931,8
9932,7
9933,4
9934,0
9935,8
9936,4
9937,8
9938,9
9939,8
9940,7
9941,3
9942,7
9943,3
9944,1
9945,8
9946,9
9947,8
9948,8
9949,2
9950,5
9951,1
9952,8
9953,5
9954,1
9955,7
9956,0
9957,2
9958,7
9959,4
9960,2
9961,5
9962,3
9963,0
9964,1
9965,9
9966,2
9967,9
9968,8
9969,4
9970,5
9971,4
9972,5
9973,2
9974,9
9975,2
9976,4
9977,7
9978,9
9979,9
9980,0
9981,1
9982,4
9983,5
9984,4
9985,2
9986,7
9987,4
9988,0
9989,8
9990,9
9991,7
9992,1
9993,5
9994,5
9995,4
9996,9
9997,6
9998,9
9999,6
